asset,entry_ts,entry_price,direction,take_profit,stop_loss,position_usd,leverage,confidence,rr_ratio,power_setup,max_hold_bar,exit_ts,exit_price,outcome,pnl_usd,fold
DOT,2024-06-27 13:00:00+00:00,6.181,-1.0,5.999154468069867,6.232926050036606,2500.0,2.0,0.8810657262802124,3.502,False,2024-07-02 17:00:00+00:00,2024-06-27 14:00:00+00:00,6.232926050036606,sl,-24.25228524373317,1
DOT,2024-07-03 10:00:00+00:00,6.17,-1.0,5.977975816121141,6.224832567369118,2487.8738573781334,2.0,0.9018634557723999,3.502,False,2024-07-08 14:00:00+00:00,2024-07-04 01:00:00+00:00,5.977975816121141,tp,74.9403185342887,1
FIL,2024-07-04 01:00:00+00:00,3.948,-1.0,3.770265077510699,3.998752264190784,4735.020031209896,3.0,0.9666946530342102,3.502,True,2024-07-09 05:00:00+00:00,2024-07-04 02:00:00+00:00,3.998752264190784,sl,-67.02507709746729,1
HBAR,2024-07-04 12:00:00+00:00,0.0681,-1.0,0.06510512740739394,0.06895518683052752,4672.1840214310205,3.0,0.9872372150421143,3.502,True,2024-07-09 16:00:00+00:00,2024-07-04 15:00:00+00:00,0.06895518683052752,sl,-64.74623636338107,1
FIL,2024-07-05 00:00:00+00:00,3.668,-1.0,3.4532695925432124,3.729316336803183,2459.4583599148536,2.0,0.9049396514892578,3.502,False,2024-07-10 04:00:00+00:00,2024-07-05 02:00:00+00:00,3.4532695925432124,tp,141.52104756907082,1
DOT,2024-07-05 02:00:00+00:00,5.034,-1.0,4.655040958216644,5.14221187607198,3795.3283255490837,3.0,0.9260047078132629,3.502,False,2024-07-10 06:00:00+00:00,2024-07-05 04:00:00+00:00,5.14221187607198,sl,-86.51906754963282,1
ICP,2024-07-06 09:00:00+00:00,7.163,-1.0,6.633341856119786,7.314244053068001,2797.829268665145,3.0,0.9205842018127441,3.502,False,2024-07-11 13:00:00+00:00,2024-07-06 16:00:00+00:00,7.314244053068001,sl,-62.71229160297082,1
DOT,2024-07-06 16:00:00+00:00,6.188,-1.0,5.904367948582602,6.268991223361724,2455.6032041230874,2.0,0.8770253658294678,3.502,False,2024-07-11 20:00:00+00:00,2024-07-06 18:00:00+00:00,6.268991223361724,sl,-35.33228216033413,1
HBAR,2024-07-06 18:00:00+00:00,0.0707,-1.0,0.06821406000483027,0.07140986096390194,4571.131993205476,3.0,0.9841036796569824,3.502,True,2024-07-11 22:00:00+00:00,2024-07-07 04:00:00+00:00,0.06821406000483027,tp,156.15814445813007,1
APT,2024-07-09 20:00:00+00:00,6.03,-1.0,5.836214126360784,6.0853356184458995,4717.530253634972,3.0,0.9920958876609802,3.502,True,2024-07-15 00:00:00+00:00,2024-07-10 04:00:00+00:00,6.0853356184458995,sl,-49.424241091272954,1
APT,2024-07-10 04:00:00+00:00,6.21,-1.0,5.975108031952466,6.277073476904119,4671.195027611904,3.0,0.9937042593955994,3.502,True,2024-07-15 08:00:00+00:00,2024-07-11 11:00:00+00:00,6.277073476904119,sl,-56.525579590511384,1
APT,2024-07-11 11:00:00+00:00,6.3,-1.0,6.114043858629035,6.353099835882428,3694.5618373966395,3.0,0.9241664409637451,3.502,False,2024-07-16 15:00:00+00:00,2024-07-11 15:00:00+00:00,6.114043858629035,tp,105.35725774017492,1
ICP,2024-07-11 10:00:00+00:00,7.517,-1.0,7.208574322147463,7.60507105135197,3503.396270708928,3.0,0.9622217416763306,3.502,True,2024-07-16 14:00:00+00:00,2024-07-12 07:00:00+00:00,7.208574322147463,tp,140.2424291356304,1
ICP,2024-07-13 06:00:00+00:00,7.919,-1.0,7.555875474977829,8.022690324726067,3636.339002393899,3.0,0.9962238073348999,3.502,True,2024-07-18 10:00:00+00:00,2024-07-13 07:00:00+00:00,8.022690324726067,sl,-52.340976272286,1
ATOM,2024-07-13 05:00:00+00:00,6.21,-1.0,6.09744759864389,6.2421393743498905,4848.4520031918655,3.0,0.9677649736404419,3.502,True,2024-07-18 09:00:00+00:00,2024-07-13 09:00:00+00:00,6.2421393743498905,sl,-31.39577567952143,1
ADA,2024-07-13 04:00:00+00:00,0.4245,-1.0,0.39967974870964385,0.431587430726202,3878.761602553493,3.0,0.9392297863960266,3.502,False,2024-07-18 08:00:00+00:00,2024-07-13 12:00:00+00:00,0.431587430726202,sl,-69.80199941559306,1
ADA,2024-07-13 12:00:00+00:00,0.4339,-1.0,0.407650822570688,0.44139546104403543,3763.607539027943,3.0,0.9452947378158569,3.502,False,2024-07-18 16:00:00+00:00,2024-07-13 16:00:00+00:00,0.44139546104403543,sl,-69.90760958368625,1
ICP,2024-07-13 15:00:00+00:00,8.295,-1.0,7.592580150702825,8.495576213526787,3528.382067838696,3.0,0.9726256132125854,3.502,True,2024-07-18 19:00:00+00:00,2024-07-14 01:00:00+00:00,8.495576213526787,sl,-89.90449946611693,1
TRX,2024-07-13 16:00:00+00:00,0.14134,-1.0,0.13806521447880396,0.1422751160571716,4638.971039800223,3.0,0.9514813423156738,3.502,True,2024-07-18 20:00:00+00:00,2024-07-14 04:00:00+00:00,0.13806521447880396,tp,102.84394387731791,1
APT,2024-07-14 07:00:00+00:00,6.6,-1.0,6.378810063421905,6.663160857418046,2480.587610099052,2.0,0.899328887462616,3.502,False,2024-07-19 11:00:00+00:00,2024-07-14 10:00:00+00:00,6.663160857418046,sl,-26.963557886225647,1
OP,2024-07-14 16:00:00+00:00,1.767,-1.0,1.6577752348578965,1.7981891667604157,3700.6587467339095,3.0,0.9419551491737366,3.502,False,2024-07-19 20:00:00+00:00,2024-07-14 20:00:00+00:00,1.7981891667604157,sl,-70.13086925998745,1
LTC,2024-07-13 04:00:00+00:00,70.41,-1.0,67.3642341476503,71.27971941719008,2585.8410683689954,2.0,0.9088836312294006,3.502,False,2024-07-18 08:00:00+00:00,2024-07-15 16:00:00+00:00,71.27971941719008,sl,-35.302456716930614,1
SUI,2024-07-14 04:00:00+00:00,0.7987,-1.0,0.7453012259305272,0.8139480370828699,4651.101768935723,3.0,0.9708372950553894,3.502,True,2024-07-19 08:00:00+00:00,2024-07-15 16:00:00+00:00,0.8139480370828699,sl,-94.84093868365777,1
OP,2024-07-14 20:00:00+00:00,1.801,-1.0,1.6906007750176588,1.8325245341449363,3648.0605947889185,3.0,0.9364567399024963,3.502,False,2024-07-20 00:00:00+00:00,2024-07-15 20:00:00+00:00,1.8325245341449363,sl,-68.59778737023848,1
LTC,2024-07-15 16:00:00+00:00,71.46,-1.0,69.04257016217746,72.15029786647156,4438.066310298096,3.0,0.9942917823791504,3.502,True,2024-07-20 20:00:00+00:00,2024-07-15 20:00:00+00:00,72.15029786647156,sl,-48.64085067663295,1
LTC,2024-07-15 20:00:00+00:00,72.29,-1.0,69.80601743789732,72.99930201826108,4328.155087129155,3.0,0.9938862919807434,3.502,True,2024-07-21 00:00:00+00:00,2024-07-16 00:00:00+00:00,72.99930201826108,sl,-48.09401257809882,1
AVAX,2024-07-15 20:00:00+00:00,27.82,-1.0,26.150309593795445,28.29678063166012,4328.155087129155,3.0,0.9958553910255432,3.502,True,2024-07-21 00:00:00+00:00,2024-07-16 12:00:00+00:00,28.29678063166012,sl,-79.80275245310968,1
SUI,2024-07-16 00:00:00+00:00,0.8606,-1.0,0.8001740412197719,0.8778546519335848,4283.066950337187,3.0,0.9552773833274841,3.502,True,2024-07-21 04:00:00+00:00,2024-07-16 16:00:00+00:00,0.8778546519335848,sl,-91.44159781432353,1
ICP,2024-07-15 16:00:00+00:00,9.642,-1.0,8.911689154373754,9.850540496484866,3328.549732723572,3.0,0.9949235320091248,3.502,True,2024-07-20 20:00:00+00:00,2024-07-17 05:00:00+00:00,9.850540496484866,sl,-76.31813454849005,1
APT,2024-07-16 16:00:00+00:00,7.14,-1.0,6.791576914062824,7.239492324074444,4122.525371961468,3.0,0.9952698349952698,3.502,True,2024-07-21 20:00:00+00:00,2024-07-17 06:00:00+00:00,7.239492324074444,sl,-62.804609357822955,1
ICP,2024-07-17 05:00:00+00:00,10.001,-1.0,9.26662735879185,10.210700343517596,3038.2328406166944,3.0,0.9623283743858337,3.502,True,2024-07-22 09:00:00+00:00,2024-07-17 18:00:00+00:00,10.210700343517596,sl,-67.65517918152916,1
ADA,2024-07-13 16:00:00+00:00,0.4453,-1.0,0.4171521124956371,0.453337638315677,3711.1768318401782,3.0,0.9344655871391296,3.502,False,2024-07-18 20:00:00+00:00,2024-07-18 20:00:00+00:00,0.4234,time,178.8057165373487,1
AVAX,2024-07-16 12:00:00+00:00,28.46,-1.0,26.377291216645194,29.054718161883198,4208.251869912397,3.0,0.9890553951263428,3.502,True,2024-07-21 16:00:00+00:00,2024-07-20 20:00:00+00:00,29.054718161883198,sl,-93.40902036187089,1
AVAX,2024-07-21 12:00:00+00:00,30.99,-1.0,29.140225751625664,31.518203630619944,4008.7304717311263,3.0,0.9794348478317261,3.502,True,2024-07-26 16:00:00+00:00,2024-07-21 16:00:00+00:00,31.518203630619944,sl,-73.53745446466016,1
APT,2024-07-22 00:00:00+00:00,7.61,-1.0,7.273321512465201,7.706138650229239,3151.831286536406,3.0,0.9498549699783325,3.502,False,2024-07-27 04:00:00+00:00,2024-07-22 14:00:00+00:00,7.273321512465201,tp,136.29019112028848,1
HBAR,2024-07-23 16:00:00+00:00,0.0673,-1.0,0.0642855530767233,0.0681607762869362,4067.561162345779,3.0,0.9640494585037231,3.502,True,2024-07-28 20:00:00+00:00,2024-07-23 18:00:00+00:00,0.0681607762869362,sl,-57.31249807286099,1
OP,2024-07-19 16:00:00+00:00,1.936,-1.0,1.7929116427977103,1.9768589263474263,2184.694095104203,2.0,0.8844600319862366,3.502,False,2024-07-24 20:00:00+00:00,2024-07-24 16:00:00+00:00,1.7929116427977103,tp,159.2844634761784,1
TAO,2024-07-19 16:00:00+00:00,352.6,-1.0,299.44463515148976,367.7785315016609,1638.520571328152,2.0,0.8673383593559265,3.502,False,2024-07-24 20:00:00+00:00,2024-07-24 20:00:00+00:00,332.3,time,92.69490993905615,1
DOT,2024-07-24 21:00:00+00:00,5.745,-1.0,5.600737182957473,5.786194293731947,3400.049086383403,3.0,0.937312662601471,3.502,False,2024-07-30 01:00:00+00:00,2024-07-25 01:00:00+00:00,5.600737182957473,tp,81.97865574991617,1
NEAR,2024-07-24 20:00:00+00:00,5.62,-1.0,5.157067079639651,5.7521906440652035,2266.699390922269,2.0,0.869268536567688,3.502,False,2024-07-30 00:00:00+00:00,2024-07-25 20:00:00+00:00,5.157067079639651,tp,184.44678256969527,1
FIL,2024-07-26 15:00:00+00:00,4.495,-1.0,4.35876265853243,4.53390261660439,3599.8681651231122,3.0,0.9410556554794312,3.502,False,2024-07-31 19:00:00+00:00,2024-07-26 16:00:00+00:00,4.53390261660439,sl,-35.835399483210274,1
FIL,2024-07-26 16:00:00+00:00,4.587,-1.0,4.442345696344059,4.62830608286012,4466.23951938838,3.0,0.9677278995513916,3.502,True,2024-07-31 20:00:00+00:00,2024-07-26 17:00:00+00:00,4.62830608286012,sl,-46.02474221475138,1
SUI,2024-07-24 20:00:00+00:00,0.7709,-1.0,0.7087710744514272,0.7886409346411397,4250.061357979254,3.0,0.9528355598449707,3.502,True,2024-07-30 00:00:00+00:00,2024-07-27 04:00:00+00:00,0.7886409346411397,sl,-103.33291576581837,1
FIL,2024-07-26 17:00:00+00:00,4.652,-1.0,4.49892873415569,4.695709549115851,4423.091323562052,3.0,0.9545753002166748,3.502,True,2024-07-31 21:00:00+00:00,2024-07-28 05:00:00+00:00,4.49892873415569,tp,141.11607201320217,1
OP,2024-07-24 20:00:00+00:00,1.735,-1.0,1.5470864255619727,1.788658781523296,4250.061357979254,3.0,0.9641330242156982,3.502,True,2024-07-30 00:00:00+00:00,2024-07-30 00:00:00+00:00,1.674,time,145.1757270205425,1
LTC,2024-07-29 08:00:00+00:00,75.81,-1.0,72.40602389637782,76.78200646946887,2377.873617356786,2.0,0.8833785057067871,3.502,False,2024-08-03 12:00:00+00:00,2024-07-30 16:00:00+00:00,72.40602389637782,tp,104.39201123841607,1
TAO,2024-07-26 08:00:00+00:00,362.7,-1.0,303.9122786112503,379.4868527203799,3374.8764048029175,3.0,0.9902964234352112,3.502,True,2024-07-31 12:00:00+00:00,2024-07-31 12:00:00+00:00,311.3,time,474.89544950330264,1
ICP,2024-07-29 15:00:00+00:00,9.151,-1.0,8.672791266823896,9.287552657320086,1783.4052130175894,2.0,0.8754439353942871,3.502,False,2024-08-03 19:00:00+00:00,2024-07-31 17:00:00+00:00,9.287552657320086,sl,-28.93067908989921,1
OP,2024-07-31 20:00:00+00:00,1.582,-1.0,1.4657284758164706,1.6152013710675395,4088.4598075394506,3.0,0.9434040188789368,3.502,False,2024-08-06 00:00:00+00:00,2024-08-01 16:00:00+00:00,1.4657284758164706,tp,296.3991845576385,1
HBAR,2024-08-01 16:00:00+00:00,0.0599,1.0,0.06219019668846346,0.059246033600184836,2873.8394639717862,2.0,0.9050295948982239,3.502,False,2024-08-06 20:00:00+00:00,2024-08-01 20:00:00+00:00,0.06219019668846346,tp,107.00358330003144,1
TRX,2024-07-31 12:00:00+00:00,0.1297,-1.0,0.12529186073297463,0.130958745583234,5137.697271071093,3.0,0.9986454844474792,3.502,True,2024-08-05 16:00:00+00:00,2024-08-02 12:00:00+00:00,0.12529186073297463,tp,169.47822472351348,1
NEAR,2024-07-31 20:00:00+00:00,4.99,-1.0,4.634138668407986,5.091616317509742,5110.574759424313,3.0,0.9861088395118713,3.502,True,2024-08-06 00:00:00+00:00,2024-08-02 12:00:00+00:00,4.634138668407986,tp,359.3495332744983,1
TAO,2024-07-31 20:00:00+00:00,302.2,-1.0,269.7868712564102,311.45557932118595,3832.9310695682348,3.0,0.970778226852417,3.502,True,2024-08-06 00:00:00+00:00,2024-08-02 12:00:00+00:00,269.7868712564102,tp,407.2765600727892,1
ATOM,2024-08-02 14:00:00+00:00,5.331,-1.0,5.098652694939648,5.397346847570993,6366.362652482254,3.0,0.9931742548942566,3.502,True,2024-08-07 18:00:00+00:00,2024-08-03 05:00:00+00:00,5.397346847570993,sl,-87.50870297812719,1
ICP,2024-08-03 15:00:00+00:00,8.002,-1.0,7.606651896694728,8.114891777852394,2513.7292973761037,2.0,0.8821008801460266,3.502,False,2024-08-08 19:00:00+00:00,2024-08-03 17:00:00+00:00,7.606651896694728,tp,121.67998601636285,1
APT,2024-08-04 14:00:00+00:00,5.41,1.0,5.59204127523684,5.358018055399307,3412.47905617632,2.0,0.884153425693512,3.502,False,2024-08-09 18:00:00+00:00,2024-08-04 15:00:00+00:00,5.358018055399307,sl,-37.225002301528946,1
DOT,2024-08-04 15:00:00+00:00,4.719,1.0,4.869526602857129,4.676017080217277,3393.8665550255555,2.0,0.9107071161270142,3.502,False,2024-08-09 19:00:00+00:00,2024-08-04 16:00:00+00:00,4.676017080217277,sl,-35.32499407566132,1
APT,2024-08-04 17:00:00+00:00,5.18,1.0,5.403147369645158,5.116280196941086,3376.204057987725,2.0,0.879819393157959,3.502,False,2024-08-09 21:00:00+00:00,2024-08-04 19:00:00+00:00,5.403147369645158,tp,142.06608453762414,1
LTC,2024-08-02 12:00:00+00:00,65.56,-1.0,60.09876174289484,67.11945833802079,6366.362652482254,3.0,0.9635270237922668,3.502,True,2024-08-07 16:00:00+00:00,2024-08-05 00:00:00+00:00,60.09876174289484,tp,523.9604109341803,1
NEAR,2024-08-04 12:00:00+00:00,4.145,-1.0,3.622169627787529,4.294294380675753,6398.3982303306,3.0,0.9957830905914307,3.502,True,2024-08-09 16:00:00+00:00,2024-08-05 00:00:00+00:00,3.622169627787529,tp,800.6647931634838,1
OP,2024-08-04 12:00:00+00:00,1.354,-1.0,1.204256370369697,1.3967593415263766,6398.3982303306,3.0,0.9519886374473572,3.502,True,2024-08-09 16:00:00+00:00,2024-08-05 00:00:00+00:00,1.204256370369697,tp,701.2230012008457,1
SUI,2024-08-05 00:00:00+00:00,0.5231,-1.0,0.4451941639309011,0.5453460365065331,8362.802255448358,3.0,0.9801043272018433,3.502,True,2024-08-10 04:00:00+00:00,2024-08-05 12:00:00+00:00,0.5453460365065331,sl,-366.51913723837544,1
UNI,2024-08-05 00:00:00+00:00,5.307,-1.0,4.465108037856296,5.547402520137183,8362.802255448358,3.0,0.9557917714118958,3.502,True,2024-08-10 04:00:00+00:00,2024-08-06 00:00:00+00:00,5.547402520137183,sl,-389.6993681287477,1
LTC,2024-08-05 00:00:00+00:00,55.28,-1.0,49.28829738172082,56.99093260669593,4460.1612029057915,2.0,0.9184881448745728,3.502,False,2024-08-10 04:00:00+00:00,2024-08-06 00:00:00+00:00,56.99093260669593,sl,-143.84153867325017,1
NEAR,2024-08-05 00:00:00+00:00,3.566,-1.0,2.9546936531562915,3.740558723642972,8362.802255448358,3.0,0.9719131588935852,3.502,True,2024-08-10 04:00:00+00:00,2024-08-06 04:00:00+00:00,3.740558723642972,sl,-420.2379042303534,1
FIL,2024-08-08 14:00:00+00:00,3.63,-1.0,3.4685117719673197,3.676113015371582,7125.0229289445515,3.0,0.9705699682235718,3.502,True,2024-08-13 18:00:00+00:00,2024-08-08 15:00:00+00:00,3.676113015371582,sl,-99.77390497162143,1
SUI,2024-08-08 16:00:00+00:00,0.7749,-1.0,0.6806495978209268,0.8018132326077781,7031.484893033657,3.0,0.952093243598938,3.502,True,2024-08-13 20:00:00+00:00,2024-08-08 20:00:00+00:00,0.8018132326077781,sl,-253.3530719331371,1
APT,2024-08-08 15:00:00+00:00,5.49,-1.0,5.2570654650195285,5.556514531263252,7031.484893033657,3.0,0.9670127034187317,3.502,True,2024-08-13 19:00:00+00:00,2024-08-08 21:00:00+00:00,5.556514531263252,sl,-94.33144433995466,1
APT,2024-08-08 21:00:00+00:00,5.59,-1.0,5.384469527958407,5.648689292291105,5364.424527222106,3.0,0.9273412227630615,3.502,False,2024-08-14 01:00:00+00:00,2024-08-08 22:00:00+00:00,5.648689292291105,sl,-63.294732037752354,1
ATOM,2024-08-08 22:00:00+00:00,5.164,-1.0,4.959252501185232,5.222465714034757,6646.1918477422405,3.0,0.9754106998443604,3.502,True,2024-08-14 02:00:00+00:00,2024-08-09 13:00:00+00:00,4.959252501185232,tp,256.86874956750216,1
SUI,2024-08-08 20:00:00+00:00,0.8525,-1.0,0.7485015811469542,0.8821967818992991,3623.4487403180483,2.0,0.9156871438026428,3.502,False,2024-08-14 00:00:00+00:00,2024-08-10 04:00:00+00:00,0.8821967818992991,sl,-130.93308390729896,1
APT,2024-08-10 09:00:00+00:00,5.93,-1.0,5.74012899249491,5.984217727164163,6764.256534298681,3.0,0.9947633743286133,3.502,True,2024-08-15 13:00:00+00:00,2024-08-10 10:00:00+00:00,5.984217727164163,sl,-70.63883117502895,1
APT,2024-08-10 10:00:00+00:00,6.0,-1.0,5.79642696102547,6.058130346650237,6698.03263007209,3.0,0.9849550724029541,3.502,True,2024-08-15 14:00:00+00:00,2024-08-10 15:00:00+00:00,6.058130346650237,sl,-73.60060219587498,1
SUI,2024-08-10 12:00:00+00:00,0.9384,-1.0,0.8130851350466404,0.974183699928348,6698.03263007209,3.0,0.9696184992790222,3.502,True,2024-08-15 16:00:00+00:00,2024-08-12 08:00:00+00:00,0.974183699928348,sl,-264.12132748386665,1
DOT,2024-08-11 19:00:00+00:00,4.563,-1.0,4.442226379762226,4.597486946041535,5303.225652410767,3.0,0.9439166188240051,3.502,False,2024-08-16 23:00:00+00:00,2024-08-12 11:00:00+00:00,4.597486946041535,sl,-46.97573113484779,1
APT,2024-08-12 11:00:00+00:00,6.67,-1.0,6.323534347129887,6.768933378433577,6337.378573058414,3.0,0.9969959259033203,3.502,True,2024-08-17 15:00:00+00:00,2024-08-12 21:00:00+00:00,6.323534347129887,tp,322.85062814354546,1
HBAR,2024-08-13 05:00:00+00:00,0.0521,-1.0,0.05035788457031412,0.052597461620372224,3541.36055303626,2.0,0.9133949279785156,3.502,False,2024-08-18 09:00:00+00:00,2024-08-13 06:00:00+00:00,0.052597461620372224,sl,-38.41741476569746,1
DOT,2024-08-13 09:00:00+00:00,4.425,-1.0,4.304226379762226,4.459486946041535,5283.227768480117,3.0,0.9382319450378418,3.502,False,2024-08-18 13:00:00+00:00,2024-08-13 12:00:00+00:00,4.459486946041535,sl,-48.04387767568266,1
TAO,2024-08-08 20:00:00+00:00,305.2,-1.0,250.04081599775074,320.95072270447434,4076.379832857804,3.0,0.9203884601593018,3.502,False,2024-08-14 00:00:00+00:00,2024-08-14 00:00:00+00:00,285.6,time,257.7094809928723,1
SUI,2024-08-12 08:00:00+00:00,1.0481,-1.0,0.8969470185614117,1.0912617823878012,6381.418320997333,3.0,0.9919729232788086,3.502,True,2024-08-17 12:00:00+00:00,2024-08-14 12:00:00+00:00,0.8969470185614117,tp,913.9223742804504,1
LTC,2024-08-13 12:00:00+00:00,62.99,-1.0,59.10645279494743,64.09894815148145,6558.9935752791935,3.0,0.9782453179359436,3.502,True,2024-08-18 16:00:00+00:00,2024-08-14 12:00:00+00:00,64.09894815148145,sl,-123.99873166825608,1
NEAR,2024-08-13 16:00:00+00:00,4.398,-1.0,3.9824369598625697,4.516664159556205,3498.12990681557,2.0,0.9128955602645874,3.502,False,2024-08-18 20:00:00+00:00,2024-08-15 16:00:00+00:00,3.9824369598625697,tp,327.0369994410568,1
TAO,2024-08-15 16:00:00+00:00,260.7,-1.0,228.28687125641028,269.95557932118595,4708.64808938096,3.0,0.9428028464317322,3.502,False,2024-08-20 20:00:00+00:00,2024-08-16 04:00:00+00:00,269.95557932118595,sl,-173.29142236589303,1
DOT,2024-08-15 18:00:00+00:00,4.291,-1.0,4.1631796207208005,4.327499150348659,6278.197452507948,3.0,0.9278519153594971,3.502,False,2024-08-20 22:00:00+00:00,2024-08-16 06:00:00+00:00,4.327499150348659,sl,-61.56386427102775,1
TRX,2024-08-16 16:00:00+00:00,0.1331,-1.0,0.1302225733914177,0.13392165009207546,7627.56998441282,3.0,0.9628788232803345,3.502,True,2024-08-21 20:00:00+00:00,2024-08-16 20:00:00+00:00,0.13392165009207546,sl,-57.00219394746658,1
TRX,2024-08-17 04:00:00+00:00,0.1349,-1.0,0.13194427606873518,0.13574400791771016,4039.536228046438,2.0,0.8991702198982239,3.502,False,2024-08-22 08:00:00+00:00,2024-08-17 08:00:00+00:00,0.13574400791771016,sl,-30.5249372028225,1
HBAR,2024-08-18 12:00:00+00:00,0.0541,-1.0,0.05274937118372668,0.05448567249219869,7545.513298959424,3.0,0.9672307968139648,3.502,True,2024-08-23 16:00:00+00:00,2024-08-18 13:00:00+00:00,0.05448567249219869,sl,-63.60023787881409,1
UNI,2024-08-14 04:00:00+00:00,6.471,-1.0,6.01863721820179,6.600172337604517,5440.4769709680095,3.0,0.9423601031303406,3.502,False,2024-08-19 08:00:00+00:00,2024-08-19 08:00:00+00:00,6.158,time,257.713485617965,1
TRX,2024-08-17 08:00:00+00:00,0.136,-1.0,0.1330442760687352,0.13684400791771018,7545.513298959424,3.0,0.9641013145446777,3.502,True,2024-08-22 12:00:00+00:00,2024-08-19 08:00:00+00:00,0.13684400791771018,sl,-56.636174402684794,1
LTC,2024-08-17 08:00:00+00:00,67.29,-1.0,63.54151567657477,68.36038090226158,7545.513298959424,3.0,0.9744730591773987,3.502,True,2024-08-22 12:00:00+00:00,2024-08-20 12:00:00+00:00,63.54151567657477,tp,412.7879435794185,1
FIL,2024-08-20 00:00:00+00:00,3.666,-1.0,3.5595156411517843,3.696406642863201,7674.398055212362,3.0,0.9840074181556702,3.502,True,2024-08-25 04:00:00+00:00,2024-08-20 15:00:00+00:00,3.5595156411517843,tp,215.23977446395875,1
AVAX,2024-08-20 04:00:00+00:00,22.08,-1.0,20.872263797622256,22.424869460415348,7674.398055212362,3.0,0.974361777305603,3.502,True,2024-08-25 08:00:00+00:00,2024-08-20 16:00:00+00:00,22.424869460415348,sl,-129.8438151309108,1
TRX,2024-08-20 12:00:00+00:00,0.1511,-1.0,0.14448387623332778,0.15298923626613273,8061.386752318068,3.0,0.993549644947052,3.502,True,2024-08-25 16:00:00+00:00,2024-08-20 16:00:00+00:00,0.15298923626613273,sl,-111.27308012944383,1
TRX,2024-08-20 16:00:00+00:00,0.157,-1.0,0.14819155119821745,0.1595152553839045,8037.126951571447,3.0,0.9921724796295166,3.502,True,2024-08-25 20:00:00+00:00,2024-08-20 20:00:00+00:00,0.1595152553839045,sl,-139.20894552152646,1
AVAX,2024-08-20 16:00:00+00:00,22.56,-1.0,21.180009687720734,22.954056676811703,8037.126951571447,3.0,0.988991379737854,3.502,True,2024-08-25 20:00:00+00:00,2024-08-21 00:00:00+00:00,22.954056676811703,sl,-150.83317362082073,1
TRX,2024-08-20 20:00:00+00:00,0.1613,-1.0,0.1516694293100511,0.16405001255306892,7906.618565145014,3.0,0.9605025053024292,3.502,True,2024-08-26 00:00:00+00:00,2024-08-21 08:00:00+00:00,0.16405001255306892,sl,-145.07897801241054,1
ATOM,2024-08-20 22:00:00+00:00,4.832,-1.0,4.704571107334213,4.868387361220485,6325.294852116012,3.0,0.9352341294288635,3.502,False,2024-08-26 02:00:00+00:00,2024-08-21 09:00:00+00:00,4.704571107334213,tp,160.48458072523184,1
ADA,2024-08-21 04:00:00+00:00,0.359,-1.0,0.3411482104283874,0.3640975842447131,7765.212464875496,3.0,0.9772258996963501,3.502,True,2024-08-26 08:00:00+00:00,2024-08-21 16:00:00+00:00,0.3640975842447131,sl,-120.35612639319419,1
FIL,2024-08-21 17:00:00+00:00,3.738,-1.0,3.636409223819441,3.767009278761032,7666.821348925147,3.0,0.9820329546928406,3.502,True,2024-08-26 21:00:00+00:00,2024-08-21 18:00:00+00:00,3.767009278761032,sl,-69.46632139779744,1
OP,2024-08-21 16:00:00+00:00,1.434,-1.0,1.3267326679249594,1.4646302211195479,7666.821348925147,3.0,0.9781621694564819,3.502,True,2024-08-26 20:00:00+00:00,2024-08-22 04:00:00+00:00,1.4646302211195479,sl,-173.73007082309226,1
FIL,2024-08-21 18:00:00+00:00,3.8,-1.0,3.6886220584841274,3.83180400696537,6081.357338091769,3.0,0.9218286871910095,3.502,False,2024-08-26 22:00:00+00:00,2024-08-22 06:00:00+00:00,3.83180400696537,sl,-58.80353589203929,1
TAO,2024-08-20 00:00:00+00:00,304.4,-1.0,266.7336156371483,315.1556481501835,5755.798541409272,3.0,0.9844527840614319,3.502,True,2024-08-25 04:00:00+00:00,2024-08-22 20:00:00+00:00,315.1556481501835,sl,-210.85751817852835,1
OP,2024-08-22 04:00:00+00:00,1.471,-1.0,1.3770432127809864,1.497829390761648,7438.824731218061,3.0,0.9928431510925293,3.502,True,2024-08-27 08:00:00+00:00,2024-08-22 20:00:00+00:00,1.497829390761648,sl,-145.34629507462148,1
TAO,2024-08-22 20:00:00+00:00,319.9,-1.0,286.59327622839146,329.41074566838654,4229.853204836668,3.0,0.9256935119628906,3.502,False,2024-08-28 00:00:00+00:00,2024-08-23 00:00:00+00:00,329.41074566838654,sl,-131.25391402971798,1
ICP,2024-08-22 10:00:00+00:00,8.008,-1.0,7.724757454755264,8.088879999749043,5537.772312239456,3.0,0.9790938496589661,3.502,True,2024-08-27 14:00:00+00:00,2024-08-23 01:00:00+00:00,8.088879999749043,sl,-63.13005096197894,1
OP,2024-08-22 20:00:00+00:00,1.51,-1.0,1.420741052141937,1.5354879212235655,7049.755341394446,3.0,0.9732812643051147,3.502,True,2024-08-28 00:00:00+00:00,2024-08-23 04:00:00+00:00,1.5354879212235655,sl,-128.16044935233697,1
APT,2024-08-23 06:00:00+00:00,6.8,-1.0,6.598384394092533,6.85757140100937,6747.369952946916,3.0,0.9979299306869507,3.502,True,2024-08-28 10:00:00+00:00,2024-08-23 08:00:00+00:00,6.85757140100937,sl,-65.89739583878404,1
ADA,2024-08-21 16:00:00+00:00,0.3766,-1.0,0.35365888445402416,0.383150842910969,6133.457079140117,3.0,0.9484198689460754,3.502,False,2024-08-26 20:00:00+00:00,2024-08-23 16:00:00+00:00,0.383150842910969,sl,-114.66312199528205,1
OP,2024-08-23 04:00:00+00:00,1.551,-1.0,1.454107063180392,1.5786678092229494,3598.597308238355,2.0,0.8766143918037415,3.502,False,2024-08-28 08:00:00+00:00,2024-08-23 16:00:00+00:00,1.5786678092229494,sl,-68.87244071383566,1
APT,2024-08-23 08:00:00+00:00,6.91,-1.0,6.694682362623094,6.971484020495443,6685.591144348055,3.0,0.9938866496086121,3.502,True,2024-08-28 12:00:00+00:00,2024-08-23 16:00:00+00:00,6.971484020495443,sl,-68.17853664152317,1
SUI,2024-08-23 12:00:00+00:00,0.9829,-1.0,0.9065601103845513,1.004698879993839,6685.591144348055,3.0,0.9742463827133179,3.502,True,2024-08-28 16:00:00+00:00,2024-08-23 16:00:00+00:00,1.004698879993839,sl,-156.9651509207749,1
DOT,2024-08-23 17:00:00+00:00,4.857,-1.0,4.722132861679374,4.895511354655782,5041.9634777748815,3.0,0.9483461380004883,3.502,False,2024-08-28 21:00:00+00:00,2024-08-23 21:00:00+00:00,4.895511354655782,sl,-46.53249027158863,1
NEAR,2024-08-24 12:00:00+00:00,4.991,-1.0,4.606755888935575,5.100721029302322,5007.064110071191,3.0,0.9492141604423523,3.502,False,2024-08-29 16:00:00+00:00,2024-08-24 16:00:00+00:00,5.100721029302322,sl,-116.58336245343712,1
ATOM,2024-08-24 16:00:00+00:00,5.365,-1.0,5.226609482158661,5.404517456809344,3279.751058820742,2.0,0.9074997305870056,3.502,False,2024-08-29 20:00:00+00:00,2024-08-25 00:00:00+00:00,5.226609482158661,tp,81.32163709045832,1
OP,2024-08-23 16:00:00+00:00,1.608,-1.0,1.5007326679249593,1.6386302211195483,6302.454347218603,3.0,0.9828354716300964,3.502,True,2024-08-28 20:00:00+00:00,2024-08-26 16:00:00+00:00,1.5007326679249593,tp,414.12507261228535,1
SUI,2024-08-23 16:00:00+00:00,1.0084,-1.0,0.9282431159037788,1.031288823993531,6302.454347218603,3.0,0.9652252793312073,3.502,True,2024-08-28 20:00:00+00:00,2024-08-26 20:00:00+00:00,0.9282431159037788,tp,494.6744423522326,1
TAO,2024-08-23 16:00:00+00:00,351.7,-1.0,306.96609132463635,364.4737819871338,4726.840760413952,3.0,0.9660400748252869,3.502,True,2024-08-28 20:00:00+00:00,2024-08-27 20:00:00+00:00,306.96609132463635,tp,596.4959710091173,1
ICP,2024-08-26 12:00:00+00:00,8.209,-1.0,7.7881979777148,8.329160152590834,2490.308908024478,2.0,0.8982104063034058,3.502,False,2024-08-31 16:00:00+00:00,2024-08-27 21:00:00+00:00,7.7881979777148,tp,125.16555960355397,1
FIL,2024-08-27 21:00:00+00:00,3.803,-1.0,3.643469205034383,3.8485540697307146,7754.329500289811,3.0,0.96934974193573,3.502,True,2024-09-02 01:00:00+00:00,2024-08-28 08:00:00+00:00,3.643469205034383,tp,317.5294858051453,1
SUI,2024-08-28 12:00:00+00:00,0.8058,-1.0,0.7014296688642122,0.8356029815710639,8052.013393232135,3.0,0.9665691256523132,3.502,True,2024-09-02 16:00:00+00:00,2024-08-29 08:00:00+00:00,0.8356029815710639,sl,-308.27601498933245,1
DOT,2024-08-30 15:00:00+00:00,4.12,-1.0,3.9904179309604437,4.157002201425439,6210.403703343708,3.0,0.9326854944229126,3.502,False,2024-09-04 19:00:00+00:00,2024-08-30 16:00:00+00:00,4.157002201425439,sl,-63.84988616493357,1
NEAR,2024-08-30 12:00:00+00:00,3.961,-1.0,3.4649864608062897,4.102636825395867,7763.004629179634,3.0,0.9842431545257568,3.502,True,2024-09-04 16:00:00+00:00,2024-08-30 20:00:00+00:00,4.102636825395867,sl,-287.680224929931,1
AVAX,2024-08-30 12:00:00+00:00,22.38,-1.0,20.00563368965284,23.058001062372476,4140.269135562472,2.0,0.8830172419548035,3.502,False,2024-09-04 16:00:00+00:00,2024-08-30 20:00:00+00:00,23.058001062372476,sl,-130.81161137843557,1
TAO,2024-09-01 20:00:00+00:00,263.7,-1.0,231.93675854951476,272.77000379594915,5483.106948270688,3.0,0.9681628346443176,3.502,True,2024-09-07 00:00:00+00:00,2024-09-02 08:00:00+00:00,272.77000379594915,sl,-195.72038197704606,1
AVAX,2024-09-01 20:00:00+00:00,21.42,-1.0,19.88732990848984,21.857654436799383,7310.809264360917,3.0,0.9573853015899658,3.502,True,2024-09-07 00:00:00+00:00,2024-09-02 08:00:00+00:00,21.857654436799383,sl,-158.8788471483178,1
SUI,2024-09-02 04:00:00+00:00,0.7444,-1.0,0.6756158020234136,0.7640413498200898,5848.647411488733,3.0,0.9472556710243225,3.502,False,2024-09-07 08:00:00+00:00,2024-09-02 08:00:00+00:00,0.7640413498200898,sl,-161.9225992160919,1
TRX,2024-09-02 16:00:00+00:00,0.1541,-1.0,0.15128129638342958,0.1549048817228494,6826.570050290803,3.0,0.9784303903579712,3.502,True,2024-09-07 20:00:00+00:00,2024-09-03 12:00:00+00:00,0.15128129638342958,tp,118.04090360010468,1
ATOM,2024-09-03 18:00:00+00:00,4.195,-1.0,4.07246469000187,4.229989997118317,3699.857811955147,2.0,0.904279351234436,3.502,False,2024-09-08 22:00:00+00:00,2024-09-04 00:00:00+00:00,4.07246469000187,tp,104.37242441377268,1
DOT,2024-09-04 01:00:00+00:00,3.977,1.0,4.128505319390659,3.9337376073968424,5628.06603624305,3.0,0.9224761724472046,3.502,False,2024-09-09 05:00:00+00:00,2024-09-04 14:00:00+00:00,4.128505319390659,tp,208.77523855835744,1
APT,2024-09-05 14:00:00+00:00,5.78,1.0,5.999232503511032,5.717398088222822,7230.809331452272,3.0,0.9812891483306885,3.502,True,2024-09-10 18:00:00+00:00,2024-09-05 16:00:00+00:00,5.717398088222822,sl,-87.71536144666156,1
TRX,2024-09-03 12:00:00+00:00,0.1509,-1.0,0.14770938410068765,0.1518110813946143,6937.233397415901,3.0,0.9570679664611816,3.502,True,2024-09-08 16:00:00+00:00,2024-09-06 04:00:00+00:00,0.1493,time,66.61858791382045,1
UNI,2024-09-04 12:00:00+00:00,6.401,-1.0,5.7836256106483965,6.577291455129662,7035.082545303813,3.0,0.9985007047653198,3.502,True,2024-09-09 16:00:00+00:00,2024-09-06 04:00:00+00:00,6.18,time,235.8571596843702,1
LTC,2024-09-05 04:00:00+00:00,68.3,-1.0,64.25398585038121,69.45534063967347,3856.431643441212,2.0,0.8868735432624817,3.502,False,2024-09-10 08:00:00+00:00,2024-09-06 04:00:00+00:00,65.22,time,170.05000264351233,1
DOT,2024-09-13 15:00:00+00:00,4.421,-1.0,4.328217672621224,4.447494023377128,4687.5,3.0,0.9582346081733704,3.502,True,2024-09-18 19:00:00+00:00,2024-09-13 18:00:00+00:00,4.447494023377128,sl,-34.18484581096686,2
DOT,2024-09-15 02:00:00+00:00,4.497,-1.0,4.432991938707047,4.515277522456373,2482.9075770945165,2.0,0.8734752535820007,3.502,False,2024-09-20 06:00:00+00:00,2024-09-15 09:00:00+00:00,4.515277522456373,sl,-13.319262838313373,2
HBAR,2024-09-13 15:00:00+00:00,0.0525,-1.0,0.051110222522385416,0.05289685140501604,4687.5,3.0,0.9609825611114502,3.502,True,2024-09-18 19:00:00+00:00,2024-09-15 16:00:00+00:00,0.051110222522385416,tp,119.39977478701623,2
ATOM,2024-09-16 01:00:00+00:00,3.985,-1.0,3.8755794915511905,4.016245061324502,4754.902187004128,3.0,0.994799017906189,3.502,True,2024-09-21 05:00:00+00:00,2024-09-16 03:00:00+00:00,4.016245061324502,sl,-43.46298148173907,2
ICP,2024-09-16 02:00:00+00:00,8.014,-1.0,7.580471018224834,8.137794339960056,2852.9413122024766,3.0,0.9421983957290649,3.502,False,2024-09-21 06:00:00+00:00,2024-09-16 05:00:00+00:00,8.137794339960056,sl,-47.778949322145195,2
APT,2024-09-16 02:00:00+00:00,5.77,-1.0,5.582086425561973,5.823658781523295,3803.921749603302,3.0,0.9355475902557373,3.502,False,2024-09-21 06:00:00+00:00,2024-09-16 07:00:00+00:00,5.823658781523295,sl,-40.32010799609178,2
FIL,2024-09-15 21:00:00+00:00,3.476,-1.0,3.3834134159279303,3.5024381288130404,4754.902187004128,3.0,0.9915491342544556,3.502,True,2024-09-21 01:00:00+00:00,2024-09-16 14:00:00+00:00,3.3834134159279303,tp,121.8964646402472,2
DOT,2024-09-18 09:00:00+00:00,4.057,-1.0,3.9728303781163,4.08103466255731,4745.840711229382,3.0,0.9826945662498474,3.502,True,2024-09-23 13:00:00+00:00,2024-09-18 20:00:00+00:00,4.08103466255731,sl,-34.28511672177377,2
APT,2024-09-18 23:00:00+00:00,6.22,-1.0,5.942044504477084,6.299370281003208,4713.698414302718,3.0,0.9850592613220215,3.502,True,2024-09-24 03:00:00+00:00,2024-09-19 00:00:00+00:00,6.299370281003208,sl,-66.27693457968415,2
FIL,2024-09-18 23:00:00+00:00,3.615,-1.0,3.475043535705011,3.654964613322038,3770.958731442175,3.0,0.9484350085258484,3.502,False,2024-09-24 03:00:00+00:00,2024-09-19 00:00:00+00:00,3.654964613322038,sl,-46.59101745888291,2
ATOM,2024-09-18 23:00:00+00:00,4.376,-1.0,4.201005483804587,4.42596974029357,4713.698414302718,3.0,0.9707721471786499,3.502,True,2024-09-24 03:00:00+00:00,2024-09-19 02:00:00+00:00,4.42596974029357,sl,-59.95374157317241,2
APT,2024-09-19 00:00:00+00:00,6.34,-1.0,6.050299906074708,6.422723954848414,2457.5385116088332,2.0,0.8762102127075195,3.502,False,2024-09-24 04:00:00+00:00,2024-09-19 10:00:00+00:00,6.422723954848414,sl,-35.26062102290982,2
APT,2024-09-19 10:00:00+00:00,6.46,-1.0,6.2153208666171516,6.529868205108459,2409.9313303107924,2.0,0.9050898551940918,3.502,False,2024-09-24 14:00:00+00:00,2024-09-19 12:00:00+00:00,6.529868205108459,sl,-29.197551051920318,2
POL,2024-09-19 05:00:00+00:00,0.3972,-1.0,0.384574556717445,0.40080519938359643,4551.678076541713,3.0,0.9910894632339478,3.502,True,2024-09-24 09:00:00+00:00,2024-09-19 16:00:00+00:00,0.40080519938359643,sl,-47.23064322125044,2
DOT,2024-09-19 16:00:00+00:00,4.332,-1.0,4.23314963011333,4.360226754863817,3557.57584976131,3.0,0.9305607676506042,3.502,False,2024-09-24 20:00:00+00:00,2024-09-19 22:00:00+00:00,4.23314963011333,tp,77.62148431847298,2
HBAR,2024-09-19 05:00:00+00:00,0.0527,-1.0,0.05060554661824282,0.0532980718357284,3641.342461233371,3.0,0.9273573756217957,3.502,False,2024-09-24 09:00:00+00:00,2024-09-20 05:00:00+00:00,0.0532980718357284,sl,-46.0579267993305,2
APT,2024-09-19 16:00:00+00:00,6.89,-1.0,6.586597874605268,6.976636574334488,4446.969812201638,3.0,0.9702247977256775,3.502,True,2024-09-24 20:00:00+00:00,2024-09-20 06:00:00+00:00,6.976636574334488,sl,-61.698365646722934,2
APT,2024-09-20 12:00:00+00:00,7.34,-1.0,6.942641087386254,7.453465965096136,4418.718429582031,3.0,0.975744366645813,3.502,True,2024-09-25 16:00:00+00:00,2024-09-21 08:00:00+00:00,7.453465965096136,sl,-74.05143901303535,2
APT,2024-09-21 09:00:00+00:00,7.75,-1.0,7.382002583392197,7.855081780483121,4349.295205507309,3.0,0.9535714387893677,3.502,True,2024-09-26 13:00:00+00:00,2024-09-21 13:00:00+00:00,7.855081780483121,sl,-64.62591396605109,2
APT,2024-09-21 13:00:00+00:00,8.08,-1.0,7.62979039457556,8.208557497399562,3430.9667289313093,3.0,0.9344038963317871,3.502,False,2024-09-26 17:00:00+00:00,2024-09-21 14:00:00+00:00,8.208557497399562,sl,-59.04893203629528,2
FIL,2024-09-22 13:00:00+00:00,3.67,1.0,3.7616078675385385,3.6438413440073933,2257.7866866027252,2.0,0.9097232222557068,3.502,False,2024-09-27 17:00:00+00:00,2024-09-22 21:00:00+00:00,3.6438413440073933,sl,-19.027947008531157,2
APT,2024-09-21 14:00:00+00:00,8.22,-1.0,7.736514032435492,8.358059573294314,4233.35003738011,3.0,0.9885138869285583,3.502,True,2024-09-26 18:00:00+00:00,2024-09-23 00:00:00+00:00,7.736514032435492,tp,244.7648663691856,2
DOT,2024-09-24 07:00:00+00:00,4.53,-1.0,4.420383748244484,4.56130095588859,4444.978399280722,3.0,0.9581965208053589,3.502,True,2024-09-29 11:00:00+00:00,2024-09-24 08:00:00+00:00,4.56130095588859,sl,-36.49195377372698,2
DOT,2024-09-24 08:00:00+00:00,4.568,-1.0,4.454273138803652,4.600474741734411,4410.767192617854,3.0,0.9828458428382874,3.502,True,2024-09-29 12:00:00+00:00,2024-09-24 21:00:00+00:00,4.600474741734411,sl,-37.09094249726822,2
ATOM,2024-09-24 19:00:00+00:00,4.804,-1.0,4.652690423916047,4.84720649803907,4410.767192617854,3.0,0.9803738594055176,3.502,True,2024-09-29 23:00:00+00:00,2024-09-25 00:00:00+00:00,4.84720649803907,sl,-45.403815014565964,2
ATOM,2024-09-25 01:00:00+00:00,4.935,-1.0,4.765486296392362,4.983404692499139,2311.1617906402716,2.0,0.8669404983520508,3.502,False,2024-09-30 05:00:00+00:00,2024-09-25 12:00:00+00:00,4.765486296392362,tp,77.07558486952007,2
DOT,2024-09-24 22:00:00+00:00,4.677,-1.0,4.5427200915994925,4.715343670963521,4375.994434026665,3.0,0.9894990921020508,3.502,True,2024-09-30 02:00:00+00:00,2024-09-25 14:00:00+00:00,4.715343670963521,sl,-41.56471551739259,2
POL,2024-09-25 14:00:00+00:00,0.4184,-1.0,0.408828152302063,0.4211332441838429,2328.917225316335,2.0,0.8745568990707397,3.502,False,2024-09-30 18:00:00+00:00,2024-09-25 17:00:00+00:00,0.408828152302063,tp,50.95033942341696,2
DOT,2024-09-25 14:00:00+00:00,4.745,-1.0,4.634600775017659,4.7765245341449365,4366.719797468128,3.0,0.9676835536956787,3.502,True,2024-09-30 18:00:00+00:00,2024-09-25 23:00:00+00:00,4.634600775017659,tp,97.23127416576219,2
HBAR,2024-09-26 15:00:00+00:00,0.0612,-1.0,0.059360012916960976,0.0617254089024156,2403.008032110925,2.0,0.8964769244194031,3.502,False,2024-10-01 19:00:00+00:00,2024-09-26 18:00:00+00:00,0.0617254089024156,sl,-23.75400541964102,2
ICP,2024-09-24 19:00:00+00:00,9.537,-1.0,8.840537450889617,9.73587510454545,3308.0753944633902,3.0,0.965251624584198,3.502,True,2024-09-29 23:00:00+00:00,2024-09-27 14:00:00+00:00,9.73587510454545,sl,-73.28380931804868,2
HBAR,2024-09-26 18:00:00+00:00,0.062,-1.0,0.059925120948913446,0.06259248237931972,4483.370680127071,3.0,0.9961672425270081,3.502,True,2024-10-01 22:00:00+00:00,2024-09-28 02:00:00+00:00,0.06259248237931972,sl,-48.67222265729354,2
DOT,2024-09-27 03:00:00+00:00,4.931,-1.0,4.7904563057848915,4.971132297014298,2391.1310294011046,2.0,0.8972450494766235,3.502,False,2024-10-02 07:00:00+00:00,2024-09-28 09:00:00+00:00,4.7904563057848915,tp,65.76104666770023,2
FIL,2024-09-30 02:00:00+00:00,3.958,-1.0,3.8239158349061992,3.996287776399435,2363.0335367472835,2.0,0.8788212537765503,3.502,False,2024-10-05 06:00:00+00:00,2024-09-30 03:00:00+00:00,3.996287776399435,sl,-25.930786366681495,2
DOT,2024-09-30 14:00:00+00:00,4.549,-1.0,4.402192519970291,4.590920923065076,4406.3777691823925,3.0,0.9768393635749817,3.502,True,2024-10-05 18:00:00+00:00,2024-09-30 23:00:00+00:00,4.402192519970291,tp,137.79833015620753,2
APT,2024-09-30 23:00:00+00:00,7.67,-1.0,7.343108677800514,7.7633439220249,4535.563703703837,3.0,0.9652283787727356,3.502,True,2024-10-06 03:00:00+00:00,2024-10-01 00:00:00+00:00,7.7633439220249,sl,-61.09405611305454,2
ATOM,2024-09-30 22:00:00+00:00,4.738,-1.0,4.586886167222753,4.781150603474984,4406.3777691823925,3.0,0.9639191031455994,3.502,True,2024-10-06 02:00:00+00:00,2024-10-01 02:00:00+00:00,4.781150603474984,sl,-45.858696308669074,2
POL,2024-09-30 15:00:00+00:00,0.4025,-1.0,0.39100986789634146,0.4057810109118932,4406.3777691823925,3.0,0.9600588083267212,3.502,True,2024-10-05 19:00:00+00:00,2024-10-01 14:00:00+00:00,0.39100986789634146,tp,121.38210090542638,2
DOT,2024-10-01 14:00:00+00:00,4.335,-1.0,4.209528540401275,4.370828415579617,2426.1819828838975,2.0,0.8806771039962769,3.502,False,2024-10-06 18:00:00+00:00,2024-10-01 15:00:00+00:00,4.209528540401275,tp,67.79679256026958,2
ICP,2024-10-01 14:00:00+00:00,8.809,-1.0,8.295047465703144,8.95575931120811,3411.8184134304806,3.0,0.9935534000396729,3.502,True,2024-10-06 18:00:00+00:00,2024-10-01 17:00:00+00:00,8.295047465703144,tp,195.6474073946376,2
HBAR,2024-10-01 14:00:00+00:00,0.056,-1.0,0.05394469527958407,0.05658689292291105,4549.0912179073075,3.0,0.9763399958610535,3.502,True,2024-10-06 18:00:00+00:00,2024-10-01 17:00:00+00:00,0.05394469527958407,tp,162.41106331365586,2
DOT,2024-10-01 15:00:00+00:00,4.294,-1.0,4.144843600289815,4.3365916578341155,4612.65071093256,3.0,0.9822983741760254,3.502,True,2024-10-06 19:00:00+00:00,2024-10-01 17:00:00+00:00,4.144843600289815,tp,155.61240126003253,2
HBAR,2024-10-02 18:00:00+00:00,0.051,-1.0,0.04857278299684214,0.0516930925946759,5094.217153402866,3.0,0.9977353811264038,3.502,True,2024-10-07 22:00:00+00:00,2024-10-02 22:00:00+00:00,0.0516930925946759,sl,-75.8531525875511,2
ICP,2024-10-02 18:00:00+00:00,7.932,-1.0,7.37418007341859,8.091285659161596,3820.6628650521493,3.0,0.9957413673400879,3.502,True,2024-10-07 22:00:00+00:00,2024-10-03 01:00:00+00:00,8.091285659161596,sl,-81.69111826693548,2
ARB,2024-10-02 16:00:00+00:00,0.53,-1.0,0.4678515001207566,0.5477465240975484,2716.915815148195,2.0,0.8924638032913208,3.502,False,2024-10-07 20:00:00+00:00,2024-10-04 04:00:00+00:00,0.5477465240975484,sl,-94.50522071919792,2
APT,2024-10-04 15:00:00+00:00,9.27,-1.0,8.62404708786928,9.454452061486329,4857.920755052537,3.0,0.9554824829101562,3.502,True,2024-10-09 19:00:00+00:00,2024-10-05 20:00:00+00:00,8.62404708786928,tp,333.65211793172705,2
ICP,2024-10-07 00:00:00+00:00,8.592,-1.0,8.218044020092755,8.698783250146683,3102.4317693681187,3.0,0.936663031578064,3.502,False,2024-10-12 04:00:00+00:00,2024-10-07 10:00:00+00:00,8.218044020092755,tp,131.92700403247366,2
SUI,2024-10-07 12:00:00+00:00,2.0827,-1.0,1.8904800728144344,2.1375884619332046,5294.401181893974,3.0,0.9623231291770935,3.502,True,2024-10-12 16:00:00+00:00,2024-10-09 12:00:00+00:00,1.8904800728144344,tp,483.34506185878973,2
ATOM,2024-10-07 23:00:00+00:00,4.421,-1.0,4.218209934252296,4.47890676839389,2823.6806303434532,2.0,0.8734014630317688,3.502,False,2024-10-13 03:00:00+00:00,2024-10-09 20:00:00+00:00,4.218209934252296,tp,126.69778073085725,2
APT,2024-10-08 17:00:00+00:00,9.39,-1.0,8.736217355601031,9.5766878440498,2823.6806303434532,2.0,0.9003762006759644,3.502,False,2024-10-13 21:00:00+00:00,2024-10-09 20:00:00+00:00,8.736217355601031,tp,193.77625434772804,2
DOT,2024-10-09 20:00:00+00:00,3.96,-1.0,3.8607581434999165,3.9883385439919907,6047.981585272764,3.0,0.9930619597434998,3.502,True,2024-10-15 00:00:00+00:00,2024-10-09 21:00:00+00:00,3.9883385439919907,sl,-51.142929651006675,2
ATOM,2024-10-09 20:00:00+00:00,4.172,-1.0,4.0453540805610375,4.208163782964138,6047.981585272764,3.0,0.9918801188468933,3.502,True,2024-10-15 00:00:00+00:00,2024-10-09 21:00:00+00:00,4.208163782964138,sl,-60.287566238445294,2
APT,2024-10-09 22:00:00+00:00,8.53,-1.0,8.120896488983878,8.646819638941341,5943.515495376403,3.0,0.9942116141319275,3.502,True,2024-10-15 02:00:00+00:00,2024-10-10 09:00:00+00:00,8.120896488983878,tp,279.1107701948008,2
APT,2024-10-10 09:00:00+00:00,8.14,-1.0,7.772002583392197,8.24508178048312,3309.4303159648152,2.0,0.896647572517395,3.502,False,2024-10-15 13:00:00+00:00,2024-10-10 11:00:00+00:00,8.24508178048312,sl,-47.02472009704389,2
TAO,2024-10-06 20:00:00+00:00,634.9,-1.0,548.3837541054559,659.6047417971505,3102.4317693681187,3.0,0.9414722323417664,3.502,False,2024-10-12 00:00:00+00:00,2024-10-10 12:00:00+00:00,548.3837541054559,tp,419.65823893420367,2
APT,2024-10-10 17:00:00+00:00,7.89,-1.0,7.504385685788631,8.000112291250929,6554.525766343866,3.0,0.9675793051719666,3.502,True,2024-10-15 21:00:00+00:00,2024-10-10 18:00:00+00:00,8.000112291250929,sl,-99.99538922443149,2
ATOM,2024-10-10 16:00:00+00:00,4.103,-1.0,3.9879029356567077,4.135866003683018,6554.525766343866,3.0,0.9664830565452576,3.502,True,2024-10-15 20:00:00+00:00,2024-10-10 21:00:00+00:00,4.135866003683018,sl,-61.024190339312575,2
TRX,2024-10-09 12:00:00+00:00,0.1617,-1.0,0.15858768142337018,0.1625887235689796,5747.53717738659,3.0,0.9771109819412231,3.502,True,2024-10-14 16:00:00+00:00,2024-10-11 00:00:00+00:00,0.15858768142337018,tp,104.87810739311968,2
APT,2024-10-12 13:00:00+00:00,9.0,-1.0,8.643747181794572,9.101728106637916,6501.893136183906,3.0,0.9677096009254456,3.502,True,2024-10-17 17:00:00+00:00,2024-10-12 14:00:00+00:00,9.101728106637916,sl,-81.94415866660016,2
APT,2024-10-12 14:00:00+00:00,9.27,-1.0,8.87068365431919,9.384024910737004,6425.070487433968,3.0,0.9642655849456787,3.502,True,2024-10-17 18:00:00+00:00,2024-10-12 16:00:00+00:00,9.384024910737004,sl,-87.38366917504722,2
APT,2024-10-12 16:00:00+00:00,9.47,-1.0,8.988471465502554,9.607500627653446,5074.518638065889,3.0,0.9483925700187683,3.502,False,2024-10-17 20:00:00+00:00,2024-10-12 21:00:00+00:00,9.607500627653446,sl,-80.27686343467724,2
APT,2024-10-12 21:00:00+00:00,9.75,-1.0,9.178429544417668,9.913212127133358,3342.8739936599204,2.0,0.8821192383766174,3.502,False,2024-10-18 01:00:00+00:00,2024-10-12 23:00:00+00:00,9.913212127133358,sl,-60.304461857811056,2
APT,2024-10-12 23:00:00+00:00,9.93,-1.0,9.33298291454585,10.100478420464638,3312.7217627310147,2.0,0.8881300687789917,3.502,False,2024-10-18 03:00:00+00:00,2024-10-13 04:00:00+00:00,10.100478420464638,sl,-61.179405718460266,2
SUI,2024-10-12 12:00:00+00:00,2.2068,-1.0,1.9713599506936879,2.2740299816835625,6501.893136183906,3.0,0.9526805877685547,3.502,True,2024-10-17 16:00:00+00:00,2024-10-13 20:00:00+00:00,2.2740299816835625,sl,-206.53210420470165,2
FIL,2024-10-14 13:00:00+00:00,3.706,-1.0,3.605387940352973,3.734729805940598,5960.373764567687,3.0,0.987873375415802,3.502,True,2024-10-19 17:00:00+00:00,2024-10-14 14:00:00+00:00,3.734729805940598,sl,-53.954741044898995,2
SUI,2024-10-13 20:00:00+00:00,2.3438,-1.0,2.10313360440463,2.4125223665446796,5960.373764567687,3.0,0.9932168126106262,3.502,True,2024-10-19 00:00:00+00:00,2024-10-15 08:00:00+00:00,2.10313360440463,tp,606.0635490614886,2
FIL,2024-10-14 22:00:00+00:00,3.894,-1.0,3.790060304138966,3.923680013530073,4727.832955870476,3.0,0.9480322003364563,3.502,False,2024-10-20 02:00:00+00:00,2024-10-15 11:00:00+00:00,3.790060304138966,tp,121.46875654463064,2
AVAX,2024-10-14 00:00:00+00:00,29.74,-1.0,27.894140617759792,30.267085739338206,5960.373764567687,3.0,0.9758752584457397,3.502,True,2024-10-19 04:00:00+00:00,2024-10-15 12:00:00+00:00,27.894140617759792,tp,363.97949963777415,2
ICP,2024-10-14 17:00:00+00:00,8.345,-1.0,8.01518219874944,8.439179579057683,3545.8747169028575,3.0,0.9461650848388672,3.502,False,2024-10-19 21:00:00+00:00,2024-10-15 12:00:00+00:00,8.01518219874944,tp,136.5970375226246,2
HBAR,2024-10-15 13:00:00+00:00,0.0575,-1.0,0.053663431188556945,0.05859553345610063,7061.143234931706,3.0,0.9727649092674255,3.502,True,2024-10-20 17:00:00+00:00,2024-10-16 13:00:00+00:00,0.053663431188556945,tp,464.0790638654355,2
HBAR,2024-10-17 05:00:00+00:00,0.0521,-1.0,0.05041660756232601,0.05258069325114619,3997.9825905629605,2.0,0.8765318393707275,3.502,False,2024-10-22 09:00:00+00:00,2024-10-17 18:00:00+00:00,0.05041660756232601,tp,125.18001470129823,2
FIL,2024-10-17 18:00:00+00:00,3.607,-1.0,3.4897497592829394,3.6404808438879734,7613.573621088019,3.0,0.9922230839729309,3.502,True,2024-10-22 22:00:00+00:00,2024-10-17 19:00:00+00:00,3.6404808438879734,sl,-80.56825004266229,2
DOT,2024-10-19 02:00:00+00:00,4.441,-1.0,4.341953886806623,4.469282649427904,7538.040886673022,3.0,0.9533433318138123,3.502,True,2024-10-24 06:00:00+00:00,2024-10-19 11:00:00+00:00,4.341953886806623,tp,160.58032230128447,2
ICP,2024-10-19 03:00:00+00:00,8.21,-1.0,7.943004637082878,8.286240611618124,3015.216354669209,2.0,0.9163534045219421,3.502,False,2024-10-24 07:00:00+00:00,2024-10-20 02:00:00+00:00,7.943004637082878,tp,95.04188290093968,2
ATOM,2024-10-20 13:00:00+00:00,4.578,-1.0,4.4728858442987285,4.608015380914594,6222.149363240085,3.0,0.921912670135498,3.502,False,2024-10-25 17:00:00+00:00,2024-10-20 14:00:00+00:00,4.608015380914594,sl,-48.88394123318813,2
ARB,2024-10-20 12:00:00+00:00,0.6016,-1.0,0.5703789425803486,0.6105151829718393,6222.149363240085,3.0,0.9372080564498901,3.502,False,2024-10-25 16:00:00+00:00,2024-10-20 20:00:00+00:00,0.6105151829718393,sl,-100.29557617254189,2
DOT,2024-10-20 14:00:00+00:00,4.541,-1.0,4.444302806487099,4.568611914658863,6185.486407315193,3.0,0.9295397996902466,3.502,False,2024-10-25 18:00:00+00:00,2024-10-20 22:00:00+00:00,4.568611914658863,sl,-45.65247846523809,2
HBAR,2024-10-20 20:00:00+00:00,0.0551,-1.0,0.05345575622366726,0.055569514338328845,7637.830906482234,3.0,0.9752148389816284,3.502,True,2024-10-26 00:00:00+00:00,2024-10-20 23:00:00+00:00,0.055569514338328845,sl,-75.01214069248464,2
ATOM,2024-10-20 14:00:00+00:00,4.666,-1.0,4.552468882110359,4.698418847170325,6185.486407315193,3.0,0.930716335773468,3.502,False,2024-10-25 18:00:00+00:00,2024-10-21 00:00:00+00:00,4.698418847170325,sl,-51.01720144928534,2
ATOM,2024-10-21 03:00:00+00:00,4.839,-1.0,4.704328604986081,4.877455460091696,3987.6689064870206,2.0,0.874773383140564,3.502,False,2024-10-26 07:00:00+00:00,2024-10-21 08:00:00+00:00,4.877455460091696,sl,-36.873914296826584,2
HBAR,2024-10-20 23:00:00+00:00,0.056,-1.0,0.05398384394092533,0.056575714010093696,4013.1775072116634,2.0,0.8907614350318909,3.502,False,2024-10-26 03:00:00+00:00,2024-10-21 13:00:00+00:00,0.05398384394092533,tp,140.47239655184174,2
ATOM,2024-10-21 08:00:00+00:00,5.002,-1.0,4.7915759452907505,5.062086656393274,3969.231949338607,2.0,0.9022446870803833,3.502,False,2024-10-26 12:00:00+00:00,2024-10-22 08:00:00+00:00,4.7915759452907505,tp,163.00835318887158,2
POL,2024-10-22 08:00:00+00:00,0.3654,-1.0,0.35794218001449074,0.36752958289170584,7726.823107891807,3.0,0.9777854084968567,3.502,True,2024-10-27 12:00:00+00:00,2024-10-22 14:00:00+00:00,0.36752958289170584,sl,-55.077465272344,2
LINK,2024-10-22 04:00:00+00:00,12.11,-1.0,11.448387623332778,12.29892362661327,4039.468147614528,2.0,0.8758885264396667,3.502,False,2024-10-27 08:00:00+00:00,2024-10-23 08:00:00+00:00,11.448387623332778,tp,216.651045610832,2
POL,2024-10-25 17:00:00+00:00,0.3358,-1.0,0.3254843277365791,0.3387456435273726,4201.759114378208,2.0,0.870928943157196,3.502,False,2024-10-30 21:00:00+00:00,2024-10-25 23:00:00+00:00,0.3254843277365791,tp,124.87498285634017,2
APT,2024-10-25 23:00:00+00:00,8.95,-1.0,8.38038697748473,9.11265318149249,7995.368635886958,3.0,0.9843716025352478,3.502,True,2024-10-31 03:00:00+00:00,2024-10-26 06:00:00+00:00,9.11265318149249,sl,-155.6981295989761,2
SUI,2024-10-25 20:00:00+00:00,1.752,-1.0,1.5733255096385088,1.8030205580984004,4201.759114378208,2.0,0.9105574488639832,3.502,False,2024-10-31 00:00:00+00:00,2024-10-26 08:00:00+00:00,1.8030205580984004,sl,-127.8230716721032,2
NEAR,2024-10-25 20:00:00+00:00,4.172,-1.0,3.790496295229463,4.280938505405108,7878.298339459141,3.0,0.9700677990913391,3.502,True,2024-10-31 00:00:00+00:00,2024-10-27 12:00:00+00:00,4.280938505405108,sl,-215.958481570018,2
ARB,2024-10-25 20:00:00+00:00,0.5069,-1.0,0.46503050669552703,0.5188558472581594,7878.298339459141,3.0,0.9815607666969299,3.502,True,2024-10-31 00:00:00+00:00,2024-10-27 20:00:00+00:00,0.5188558472581594,sl,-196.06094665128683,2
POL,2024-10-28 15:00:00+00:00,0.3147,-1.0,0.3051477266327336,0.31742765472743417,5874.63943659028,3.0,0.9455090165138245,3.502,False,2024-11-02 19:00:00+00:00,2024-10-28 17:00:00+00:00,0.31742765472743417,sl,-58.555328157261734,2
APT,2024-10-29 03:00:00+00:00,9.78,-1.0,9.333705260709683,9.907439606117828,3887.1486269815555,2.0,0.9088616967201233,3.502,False,2024-11-03 07:00:00+00:00,2024-10-29 12:00:00+00:00,9.907439606117828,sl,-55.70530650178236,2
ICP,2024-10-29 02:00:00+00:00,8.109,-1.0,7.733690088232119,8.21616986582426,2915.3614702361665,2.0,0.8829028010368347,3.502,False,2024-11-03 06:00:00+00:00,2024-10-30 06:00:00+00:00,8.21616986582426,sl,-42.31986232645379,2
APT,2024-10-29 12:00:00+00:00,10.03,-1.0,9.566088363106118,10.162470116885636,7236.179950744996,3.0,0.972800076007843,3.502,True,2024-11-03 16:00:00+00:00,2024-10-31 08:00:00+00:00,9.566088363106118,tp,327.4545564210193,2
LTC,2024-10-29 12:00:00+00:00,73.26,-1.0,70.58223156425811,74.02463763670697,3859.295973730664,2.0,0.9172796607017517,3.502,False,2024-11-03 16:00:00+00:00,2024-10-31 08:00:00+00:00,70.58223156425811,tp,137.20405295667825,2
DOT,2024-10-31 12:00:00+00:00,4.062,-1.0,3.9678474694742807,4.088885285325735,4070.4653472562863,2.0,0.8778191804885864,3.502,False,2024-11-05 16:00:00+00:00,2024-10-31 16:00:00+00:00,3.9678474694742807,tp,90.27828227988091,2
APT,2024-11-01 15:00:00+00:00,8.73,-1.0,8.318939055916815,8.847378584582211,7716.7584157429255,3.0,0.9731777310371399,3.502,True,2024-11-06 19:00:00+00:00,2024-11-01 16:00:00+00:00,8.847378584582211,sl,-113.78690397056508,2
APT,2024-11-03 02:00:00+00:00,8.19,-1.0,7.894427606873519,8.274400791771017,7610.0831932705205,3.0,0.9674149751663208,3.502,True,2024-11-08 06:00:00+00:00,2024-11-03 04:00:00+00:00,8.274400791771017,sl,-88.31765600904694,2
POL,2024-11-03 02:00:00+00:00,0.3034,-1.0,0.29533537576370134,0.3057028560403748,7610.0831932705205,3.0,0.9640787243843079,3.502,True,2024-11-08 06:00:00+00:00,2024-11-03 04:00:00+00:00,0.3057028560403748,sl,-67.65489473456613,2
ICP,2024-11-03 13:00:00+00:00,7.019,-1.0,6.645585592837007,7.125628603875652,5597.894195211287,3.0,0.980649471282959,3.502,True,2024-11-08 17:00:00+00:00,2024-11-03 19:00:00+00:00,7.125628603875652,sl,-92.31724573899946,2
APT,2024-11-03 13:00:00+00:00,7.96,-1.0,7.58025798498982,8.068435454328327,7463.858926948384,3.0,0.9555259346961975,3.502,True,2024-11-08 17:00:00+00:00,2024-11-03 19:00:00+00:00,8.068435454328327,sl,-111.37976708068457,2
AVAX,2024-11-03 12:00:00+00:00,23.05,-1.0,21.646520490915982,23.450764024502117,7463.858926948384,3.0,0.9529849290847778,3.502,True,2024-11-08 16:00:00+00:00,2024-11-03 20:00:00+00:00,23.450764024502117,sl,-139.47508349786946,2
OP,2024-11-02 12:00:00+00:00,1.453,-1.0,1.3359455025896454,1.4864249493238866,4058.7110364109444,2.0,0.8768719434738159,3.502,False,2024-11-07 16:00:00+00:00,2024-11-04 16:00:00+00:00,1.3359455025896454,tp,322.91333335515327,2
POL,2024-11-04 16:00:00+00:00,0.2917,-1.0,0.2832438891502888,0.29411464516854835,7444.8663366711335,3.0,0.9715216755867004,3.502,True,2024-11-09 20:00:00+00:00,2024-11-04 19:00:00+00:00,0.29411464516854835,sl,-71.30571921103927,2
APT,2024-11-04 21:00:00+00:00,7.76,-1.0,7.388087717258071,7.866199671764856,7378.017224910785,3.0,0.9896013140678406,3.502,True,2024-11-10 01:00:00+00:00,2024-11-04 22:00:00+00:00,7.866199671764856,sl,-110.56345944921156,2
ICP,2024-11-04 21:00:00+00:00,6.849,-1.0,6.508892316608615,6.9461178582072645,5533.512918683089,3.0,0.9852559566497803,3.502,True,2024-11-10 01:00:00+00:00,2024-11-04 22:00:00+00:00,6.9461178582072645,sl,-85.65800291996027,2
OP,2024-11-04 16:00:00+00:00,1.334,-1.0,1.2161625293628204,1.3676485275802335,5955.8930693369075,3.0,0.9476115703582764,3.502,False,2024-11-09 20:00:00+00:00,2024-11-05 00:00:00+00:00,1.3676485275802335,sl,-157.97282006697748,2
LINK,2024-11-04 12:00:00+00:00,10.4,-1.0,9.738387623332779,10.588923626613271,3809.1387128803613,2.0,0.9195143580436707,3.502,False,2024-11-09 16:00:00+00:00,2024-11-05 08:00:00+00:00,10.588923626613271,sl,-74.14767839504864,2
HBAR,2024-11-05 14:00:00+00:00,0.04517,-1.0,0.043766520490915985,0.045570764024502115,5581.157309305229,3.0,0.9490046501159668,3.502,False,2024-11-10 18:00:00+00:00,2024-11-05 16:00:00+00:00,0.045570764024502115,sl,-56.7734824665987,2
ATOM,2024-11-05 14:00:00+00:00,4.134,-1.0,4.038085779713924,4.161388336402516,3720.7715395368195,2.0,0.9196611046791077,3.502,False,2024-11-10 18:00:00+00:00,2024-11-05 16:00:00+00:00,4.161388336402516,sl,-29.487642237426183,2
HBAR,2024-11-05 16:00:00+00:00,0.04571,-1.0,0.04423605290050173,0.04613088606757335,6895.5768322215135,3.0,0.9837868809700012,3.502,True,2024-11-10 20:00:00+00:00,2024-11-05 22:00:00+00:00,0.04613088606757335,sl,-72.45696956168723,2
DOT,2024-11-05 14:00:00+00:00,3.901,-1.0,3.821723960783957,3.9236372984551404,3720.7715395368195,2.0,0.9154815673828125,3.502,False,2024-11-10 18:00:00+00:00,2024-11-06 00:00:00+00:00,3.9236372984551404,sl,-26.42844515056168,2
ATOM,2024-11-06 00:00:00+00:00,4.272,-1.0,4.1410477278135005,4.309393463374047,6802.87175592878,3.0,0.9884003400802612,3.502,True,2024-11-11 04:00:00+00:00,2024-11-06 02:00:00+00:00,4.309393463374047,sl,-68.39030066184085,2
POL,2024-11-06 22:00:00+00:00,0.3363,-1.0,0.32657155765669793,0.3390779598351123,5391.004679246643,3.0,0.9459872245788574,3.502,False,2024-11-12 02:00:00+00:00,2024-11-07 01:00:00+00:00,0.3390779598351123,sl,-51.53995779235663,2
ATOM,2024-11-06 22:00:00+00:00,4.524,-1.0,4.419473074218847,4.553847697222333,5391.004679246643,3.0,0.9371839761734009,3.502,False,2024-11-12 02:00:00+00:00,2024-11-07 01:00:00+00:00,4.553847697222333,sl,-42.57618304817012,2
FIL,2024-11-06 22:00:00+00:00,3.743,-1.0,3.6486517261675737,3.7699411798898215,5391.004679246643,3.0,0.9305394887924194,3.502,False,2024-11-12 02:00:00+00:00,2024-11-07 01:00:00+00:00,3.7699411798898215,sl,-45.811412374886444,2
APT,2024-11-06 22:00:00+00:00,9.7,-1.0,9.304598520453316,9.812907019455267,6738.755849058304,3.0,0.9731032252311707,3.502,True,2024-11-12 02:00:00+00:00,2024-11-07 02:00:00+00:00,9.812907019455267,sl,-87.19881948562359,2
ATOM,2024-11-07 01:00:00+00:00,4.603,-1.0,4.482226379762226,4.637486946041535,3524.0393428900557,2.0,0.8743440508842468,3.502,False,2024-11-12 05:00:00+00:00,2024-11-07 02:00:00+00:00,4.637486946041535,sl,-30.984326241671965,2
ADA,2024-11-07 12:00:00+00:00,0.3884,-1.0,0.36023253816496653,0.39644322777208574,6496.777068799514,3.0,0.9653443694114685,3.502,True,2024-11-12 16:00:00+00:00,2024-11-07 20:00:00+00:00,0.39644322777208574,sl,-142.98509378577788,2
ADA,2024-11-07 20:00:00+00:00,0.4065,-1.0,0.3755921318710786,0.4153257516693004,6362.728543375348,3.0,0.9802703857421875,3.502,True,2024-11-13 00:00:00+00:00,2024-11-08 00:00:00+00:00,0.4153257516693004,sl,-146.4163492293905,2
POL,2024-11-08 11:00:00+00:00,0.3677,-1.0,0.35204053546349773,0.37217156512694133,4980.370572778235,3.0,0.9449682831764221,3.502,False,2024-11-13 15:00:00+00:00,2024-11-08 12:00:00+00:00,0.37217156512694133,sl,-67.04029999992808,2
POL,2024-11-08 12:00:00+00:00,0.3814,-1.0,0.36329374412966925,0.3865702471780259,4930.0903477782895,3.0,0.9438263773918152,3.502,False,2024-11-13 16:00:00+00:00,2024-11-08 15:00:00+00:00,0.3865702471780259,sl,-73.2412771480042,2
POL,2024-11-08 15:00:00+00:00,0.3894,-1.0,0.36409039044287816,0.39662716713641893,6093.949237396609,3.0,0.9715145230293274,3.502,True,2024-11-13 19:00:00+00:00,2024-11-08 18:00:00+00:00,0.39662716713641893,sl,-121.02431597964241,2
LINK,2024-11-08 12:00:00+00:00,13.27,-1.0,12.375453088352305,13.525438157876524,4930.0903477782895,3.0,0.942210853099823,3.502,False,2024-11-13 16:00:00+00:00,2024-11-08 20:00:00+00:00,13.525438157876524,sl,-101.30988584708679,2
ADA,2024-11-08 12:00:00+00:00,0.4501,-1.0,0.41480748180085797,0.46017778990484404,6162.612934722862,3.0,0.964646577835083,3.502,True,2024-11-13 16:00:00+00:00,2024-11-09 20:00:00+00:00,0.46017778990484404,sl,-145.99299739503604,2
ADA,2024-11-09 20:00:00+00:00,0.4967,-1.0,0.44731396371800586,0.5108021985190911,5748.642488126203,3.0,0.9889827370643616,3.502,True,2024-11-15 00:00:00+00:00,2024-11-10 00:00:00+00:00,0.5108021985190911,sl,-170.687444179275,2
LINK,2024-11-08 20:00:00+00:00,13.69,-1.0,12.715198332602732,13.968354929152097,5885.51092318405,3.0,0.9548630118370056,3.502,True,2024-11-14 00:00:00+00:00,2024-11-10 04:00:00+00:00,13.968354929152097,sl,-127.31960657024834,2
ICP,2024-11-08 22:00:00+00:00,8.561,-1.0,7.793049848648116,8.780288412321498,2354.2043692736197,2.0,0.8992478251457214,3.502,False,2024-11-14 02:00:00+00:00,2024-11-10 04:00:00+00:00,8.780288412321498,sl,-63.3629698756341,2
HBAR,2024-11-10 02:00:00+00:00,0.05386,-1.0,0.051969119657217344,0.05439994148907816,5588.623009208133,3.0,0.9783179759979248,3.502,True,2024-11-15 06:00:00+00:00,2024-11-10 05:00:00+00:00,0.05439994148907816,sl,-63.290635635853214,2
DOT,2024-11-10 05:00:00+00:00,4.977,-1.0,4.711963562719699,5.052681239773483,2853.6123322034696,2.0,0.8693959712982178,3.502,False,2024-11-15 09:00:00+00:00,2024-11-10 10:00:00+00:00,5.052681239773483,sl,-47.10228577147809,2
ICP,2024-11-10 04:00:00+00:00,8.912,-1.0,8.387757583562326,9.061697590357696,4057.3935703425886,3.0,0.9740625023841858,3.502,True,2024-11-15 08:00:00+00:00,2024-11-10 11:00:00+00:00,9.061697590357696,sl,-73.42789267971848,2
POL,2024-11-08 18:00:00+00:00,0.4025,-1.0,0.37030022604681717,0.4116946557922731,5980.488941165693,3.0,0.9747026562690735,3.502,True,2024-11-13 22:00:00+00:00,2024-11-10 12:00:00+00:00,0.4116946557922731,sl,-144.3921195577122,2
HBAR,2024-11-10 10:00:00+00:00,0.05626,-1.0,0.05402656887048136,0.05689775697623001,5306.3647299707445,3.0,0.9696565270423889,3.502,True,2024-11-15 14:00:00+00:00,2024-11-10 13:00:00+00:00,0.05689775697623001,sl,-67.05062261962878,2
DOT,2024-11-10 12:00:00+00:00,5.231,-1.0,4.907632057321227,5.323337819871338,5102.1584684981535,3.0,0.9829404950141907,3.502,True,2024-11-15 16:00:00+00:00,2024-11-10 13:00:00+00:00,5.323337819871338,sl,-96.69631004636489,2
DOT,2024-11-10 13:00:00+00:00,5.326,-1.0,4.994019351826151,5.420797180691156,4948.645719123784,3.0,0.97548508644104,3.502,True,2024-11-15 17:00:00+00:00,2024-11-10 21:00:00+00:00,4.994019351826151,tp,303.5107259326702,2
SUI,2024-11-10 08:00:00+00:00,3.0325,-1.0,2.6739374107754386,3.134887662494139,2853.6123322034696,2.0,0.8905388712882996,3.502,False,2024-11-15 12:00:00+00:00,2024-11-11 00:00:00+00:00,3.134887662494139,sl,-100.05749367696308,2
AVAX,2024-11-10 12:00:00+00:00,32.34,-1.0,29.650486965855738,33.10799131055217,5102.1584684981535,3.0,0.9803440570831299,3.502,True,2024-11-15 16:00:00+00:00,2024-11-11 16:00:00+00:00,33.10799131055217,sl,-127.7958662708517,2
APT,2024-11-11 16:00:00+00:00,12.25,-1.0,11.165582080847216,12.559655885040687,5019.574499734588,3.0,0.9751042127609253,3.502,True,2024-11-16 20:00:00+00:00,2024-11-11 22:00:00+00:00,12.559655885040687,sl,-133.41040882867364,2
APT,2024-11-11 22:00:00+00:00,13.32,-1.0,12.125965829091701,13.660956840929277,4894.502241457706,3.0,0.989032506942749,3.502,True,2024-11-17 02:00:00+00:00,2024-11-11 23:00:00+00:00,13.660956840929277,sl,-131.64919091454692,2
ATOM,2024-11-11 23:00:00+00:00,5.663,-1.0,5.355683008471143,5.7507544656162235,4771.081124975318,3.0,0.9933509230613708,3.502,True,2024-11-17 03:00:00+00:00,2024-11-12 08:00:00+00:00,5.7507544656162235,sl,-80.13559891714885,2
ARB,2024-11-11 20:00:00+00:00,0.6712,-1.0,0.5992839091161132,0.691735662845478,5019.574499734588,3.0,0.9867967367172241,3.502,True,2024-11-17 00:00:00+00:00,2024-11-13 00:00:00+00:00,0.5992839091161132,tp,532.8054790183725,2
SUI,2024-11-11 00:00:00+00:00,3.2649,-1.0,2.801105809090143,3.3973365801471846,4111.506499490809,3.0,0.9217658042907715,3.502,False,2024-11-16 04:00:00+00:00,2024-11-13 12:00:00+00:00,3.3973365801471846,sl,-172.1230711160309,2
FIL,2024-11-13 04:00:00+00:00,3.951,-1.0,3.6577765265539948,4.034730057001976,2770.911540037448,2.0,0.9032861590385437,3.502,False,2024-11-18 08:00:00+00:00,2024-11-13 13:00:00+00:00,4.034730057001976,sl,-62.32366847326329,2
POL,2024-11-16 10:00:00+00:00,0.4101,-1.0,0.38903802019840444,0.41611425509573613,3980.532255364202,3.0,0.9347015619277954,3.502,False,2024-11-21 14:00:00+00:00,2024-11-16 14:00:00+00:00,0.41611425509573613,sl,-63.55054270145919,2
FIL,2024-11-16 14:00:00+00:00,4.557,-1.0,4.333852630354842,4.620719803058915,4916.086685422634,3.0,0.9691579937934875,3.502,True,2024-11-21 18:00:00+00:00,2024-11-16 18:00:00+00:00,4.620719803058915,sl,-75.13176751125596,2
TAO,2024-11-11 16:00:00+00:00,601.7,-1.0,484.9639949760941,635.0340037206622,3764.680874800941,3.0,0.9758772850036621,3.502,True,2024-11-16 20:00:00+00:00,2024-11-16 20:00:00+00:00,517.7,time,521.8015373124668,2
POL,2024-11-16 14:00:00+00:00,0.425,-1.0,0.39788955202118037,0.43274139712601717,4916.086685422634,3.0,0.9902230501174927,3.502,True,2024-11-21 18:00:00+00:00,2024-11-16 21:00:00+00:00,0.43274139712601717,sl,-95.93768760347791,2
ATOM,2024-11-16 18:00:00+00:00,5.826,-1.0,5.520444698231499,5.913251414539443,4845.6506533808315,3.0,0.9945893287658691,3.502,True,2024-11-21 22:00:00+00:00,2024-11-16 21:00:00+00:00,5.913251414539443,sl,-78.86884016306716,2
ATOM,2024-11-16 21:00:00+00:00,6.004,-1.0,5.674955501426745,6.097958762229855,5170.958474830135,3.0,0.9935810565948486,3.502,True,2024-11-22 01:00:00+00:00,2024-11-16 23:00:00+00:00,6.097958762229855,sl,-87.64444086022027,2
ICP,2024-11-16 09:00:00+00:00,9.24,-1.0,8.616920557736005,9.417920534820793,3731.7489894039395,3.0,0.9539478421211243,3.502,True,2024-11-21 13:00:00+00:00,2024-11-17 00:00:00+00:00,9.417920534820793,sl,-76.7078511766689,2
ATOM,2024-11-16 23:00:00+00:00,6.122,-1.0,5.759874882593385,6.225404943560518,5088.791811523678,3.0,0.9864138960838318,3.502,True,2024-11-22 03:00:00+00:00,2024-11-17 00:00:00+00:00,6.225404943560518,sl,-92.5687501752735,2
HBAR,2024-11-18 06:00:00+00:00,0.12338,-1.0,0.10545578540490608,0.12849826523342522,2629.3839988033237,2.0,0.8720757365226746,3.502,False,2024-11-23 10:00:00+00:00,2024-11-18 15:00:00+00:00,0.12849826523342522,sl,-112.49491103504373,2
HBAR,2024-11-18 15:00:00+00:00,0.12869,-1.0,0.10470753006234675,0.13553820199191063,4824.631018660879,3.0,0.970055341720581,3.502,True,2024-11-23 19:00:00+00:00,2024-11-18 16:00:00+00:00,0.13553820199191063,sl,-263.013396905402,2
APT,2024-11-20 03:00:00+00:00,11.26,1.0,11.905952912130719,11.07554793851367,4578.055959062063,3.0,0.9547260403633118,3.502,True,2024-11-25 07:00:00+00:00,2024-11-20 08:00:00+00:00,11.905952912130719,tp,258.05148033343625,2
ARB,2024-11-16 20:00:00+00:00,0.7251,-1.0,0.6484273467631506,0.7469939007527864,5334.8395946112705,3.0,0.9695079326629639,3.502,True,2024-11-22 00:00:00+00:00,2024-11-20 16:00:00+00:00,0.6484273467631506,tp,558.7753608078765,2
DOT,2024-11-22 01:00:00+00:00,6.169,-1.0,5.855027736043128,6.258654880795173,5343.831122632045,3.0,0.9612401127815247,3.502,True,2024-11-27 05:00:00+00:00,2024-11-22 02:00:00+00:00,6.148,time,12.847197176163945,2
ICP,2024-11-30 12:00:00+00:00,12.537,-1.0,11.614701616535783,12.800362599565242,2812.5,3.0,0.9291815161705017,3.502,False,2024-12-05 16:00:00+00:00,2024-12-01 14:00:00+00:00,12.800362599565242,sl,-62.73795306111829,3
HBAR,2024-12-02 00:00:00+00:00,0.22388,1.0,0.24812476596863967,0.2169568992922131,4628.683169005202,3.0,0.9719065427780151,3.502,True,2024-12-07 04:00:00+00:00,2024-12-02 02:00:00+00:00,0.24812476596863967,tp,496.6279729660339,3
DOT,2024-12-02 10:00:00+00:00,8.477,-1.0,7.758622064387957,8.682133050198434,2716.945009952458,2.0,0.9097760915756226,3.502,False,2024-12-07 14:00:00+00:00,2024-12-02 13:00:00+00:00,8.682133050198434,sl,-69.2787805611819,3
HBAR,2024-12-02 14:00:00+00:00,0.26454,1.0,0.3046125697489093,0.25309726484015715,5029.323036884751,3.0,0.9710222482681274,3.502,True,2024-12-07 18:00:00+00:00,2024-12-02 18:00:00+00:00,0.3046125697489093,tp,756.8134916049866,3
DOT,2024-12-02 21:00:00+00:00,9.896,1.0,10.765687511695997,9.647660451762498,3060.7123654743605,2.0,0.8755356073379517,3.502,False,2024-12-08 01:00:00+00:00,2024-12-03 13:00:00+00:00,9.647660451762498,sl,-80.78732604751379,3
FIL,2024-12-04 03:00:00+00:00,7.738,-1.0,7.150182849961046,7.905851375952561,5663.097567094882,3.0,0.9688215255737305,3.502,True,2024-12-09 07:00:00+00:00,2024-12-04 06:00:00+00:00,7.905851375952561,sl,-130.20497317871636,3
ATOM,2024-12-04 08:00:00+00:00,10.116,-1.0,9.610395038777682,10.260375659036118,2955.2162158612455,2.0,0.918460488319397,3.502,False,2024-12-09 12:00:00+00:00,2024-12-04 10:00:00+00:00,10.260375659036118,sl,-46.018658182160834,3
DOT,2024-12-04 10:00:00+00:00,10.912,-1.0,10.278966146111896,11.092763020256603,2932.206886770165,2.0,0.9073941707611084,3.502,False,2024-12-09 14:00:00+00:00,2024-12-04 12:00:00+00:00,11.092763020256603,sl,-52.38541851931371,3
HBAR,2024-12-06 22:00:00+00:00,0.36638,-1.0,0.3272469981232808,0.37755444125222637,5448.776582832203,3.0,0.9762865900993347,3.502,True,2024-12-12 02:00:00+00:00,2024-12-07 08:00:00+00:00,0.3272469981232808,tp,576.5343672617996,3
FIL,2024-12-09 03:00:00+00:00,7.514,-1.0,7.1781044856920255,7.609915071972892,5989.277552140139,3.0,0.954754114151001,3.502,True,2024-12-14 07:00:00+00:00,2024-12-09 08:00:00+00:00,7.1781044856920255,tp,261.7471429574845,3
ICP,2024-12-09 08:00:00+00:00,13.512,-1.0,12.510090423130476,13.79809560140675,4675.999123997086,3.0,0.9849778413772583,3.502,True,2024-12-14 12:00:00+00:00,2024-12-09 20:00:00+00:00,12.510090423130476,tp,342.0475283897822,3
ICP,2024-12-09 20:00:00+00:00,12.206,-1.0,10.82742657950196,12.599652082908586,4916.501292396151,3.0,0.996313750743866,3.502,True,2024-12-15 00:00:00+00:00,2024-12-09 21:00:00+00:00,10.82742657950196,tp,550.3643444835823,3
HBAR,2024-12-09 21:00:00+00:00,0.27302,-1.0,0.23987282844235877,0.28248518548245305,7071.30162948156,3.0,0.9863736629486084,3.502,True,2024-12-15 01:00:00+00:00,2024-12-10 00:00:00+00:00,0.28248518548245305,sl,-254.34389541997268,3
ATOM,2024-12-10 17:00:00+00:00,7.289,-1.0,6.657140605952132,7.469427652872082,3644.1889213468457,2.0,0.8843323588371277,3.502,False,2024-12-15 21:00:00+00:00,2024-12-10 19:00:00+00:00,7.469427652872082,sl,-94.94357177432622,3
APT,2024-12-12 01:00:00+00:00,13.73,-1.0,13.005749765186769,13.936809887121036,3596.7171354596826,2.0,0.8798370957374573,3.502,False,2024-12-17 05:00:00+00:00,2024-12-12 07:00:00+00:00,13.936809887121036,sl,-58.85174573499874,3
FIL,2024-12-14 18:00:00+00:00,6.298,-1.0,6.0478400540293755,6.369433252902888,5350.936893888274,3.0,0.9452508687973022,3.502,False,2024-12-19 22:00:00+00:00,2024-12-14 22:00:00+00:00,6.369433252902888,sl,-67.64768007836376,3
FIL,2024-12-16 00:00:00+00:00,6.894,-1.0,6.581985169110192,6.9830959351543065,5300.2011338295015,3.0,0.935360848903656,3.502,False,2024-12-21 04:00:00+00:00,2024-12-16 09:00:00+00:00,6.581985169110192,tp,234.58105219570064,3
POL,2024-12-17 22:00:00+00:00,0.5647,-1.0,0.53913592414416,0.5719998300697317,6845.171153720347,3.0,0.9861342310905457,3.502,True,2024-12-23 02:00:00+00:00,2024-12-18 19:00:00+00:00,0.53913592414416,tp,303.0370222585598,3
POL,2024-12-18 19:00:00+00:00,0.5351,-1.0,0.5098099647735488,0.5423215776800102,5703.414689670197,3.0,0.9499142169952393,3.502,False,2024-12-23 23:00:00+00:00,2024-12-18 20:00:00+00:00,0.5098099647735488,tp,263.85285220029186,3
APT,2024-12-18 20:00:00+00:00,12.07,-1.0,11.318345702247889,12.284635126093184,7376.6304110255205,3.0,0.9975770115852356,3.502,True,2024-12-24 00:00:00+00:00,2024-12-19 02:00:00+00:00,11.318345702247889,tp,452.0000018488133,3
OP,2024-12-18 20:00:00+00:00,2.156,-1.0,1.914844246137865,2.2248621029548965,7376.6304110255205,3.0,0.9953514337539673,3.502,True,2024-12-24 00:00:00+00:00,2024-12-19 16:00:00+00:00,1.914844246137865,tp,817.7239575913916,3
TRX,2024-12-19 16:00:00+00:00,0.2488,-1.0,0.22658313468883737,0.25514403302384797,8566.996623000712,3.0,0.9938355088233948,3.502,True,2024-12-24 20:00:00+00:00,2024-12-20 08:00:00+00:00,0.22658313468883737,tp,756.432240090793,3
FIL,2024-12-19 17:00:00+00:00,5.235,-1.0,4.917700099829123,5.325605088384649,8566.996623000712,3.0,0.9952290058135986,3.502,True,2024-12-24 21:00:00+00:00,2024-12-20 08:00:00+00:00,4.917700099829123,tp,510.68938795051815,3
SUI,2024-12-19 16:00:00+00:00,4.047,-1.0,3.4634500540472413,4.2136328744554685,8566.996623000712,3.0,0.9752458930015564,3.502,True,2024-12-24 20:00:00+00:00,2024-12-20 12:00:00+00:00,4.2136328744554685,sl,-363.87820575096913,3
TRX,2024-12-20 08:00:00+00:00,0.2247,-1.0,0.2002320866617152,0.23168682051084583,9754.923149289441,3.0,0.982709527015686,3.502,True,2024-12-25 12:00:00+00:00,2024-12-20 12:00:00+00:00,0.23168682051084583,sl,-316.000924531905,3
POL,2024-12-20 08:00:00+00:00,0.4465,-1.0,0.40774282527215683,0.4575671236891798,9754.923149289441,3.0,0.9884220957756042,3.502,True,2024-12-25 12:00:00+00:00,2024-12-20 15:00:00+00:00,0.4575671236891798,sl,-254.47074179985322,3
APT,2024-12-21 13:00:00+00:00,9.81,-1.0,8.770603041389661,10.10680013530073,8878.970144211886,3.0,0.9629173874855042,3.502,True,2024-12-26 17:00:00+00:00,2024-12-26 17:00:00+00:00,8.94,time,778.5526328592896,3
ICP,2024-12-27 16:00:00+00:00,10.08,-1.0,9.273598183806095,10.310268297564678,5765.317942510481,3.0,0.9371596574783325,3.502,False,2025-01-01 20:00:00+00:00,2024-12-27 17:00:00+00:00,10.310268297564678,sl,-139.19828113686853,3
FIL,2024-12-30 13:00:00+00:00,4.859,-1.0,4.635656887048136,4.922775697623001,5055.127919440883,2.0,0.8940615653991699,3.502,False,2025-01-04 17:00:00+00:00,2024-12-30 17:00:00+00:00,4.922775697623001,sl,-72.92159624708444,3
APT,2025-01-01 08:00:00+00:00,8.53,-1.0,8.318597228757218,8.590366129213708,5018.66712131734,2.0,0.8808997869491577,3.502,False,2025-01-06 12:00:00+00:00,2025-01-01 12:00:00+00:00,8.590366129213708,sl,-42.04097393133882,3
ICP,2025-01-01 18:00:00+00:00,10.426,-1.0,9.850849745602467,10.590234339834579,7027.940579557038,3.0,0.9513841271400452,3.502,True,2025-01-06 22:00:00+00:00,2025-01-01 20:00:00+00:00,10.590234339834579,sl,-119.84313087544568,3
DOT,2025-01-01 20:00:00+00:00,7.104,-1.0,6.824870044636846,7.183705648387729,9258.234504213653,3.0,0.9734604954719543,3.502,True,2025-01-07 00:00:00+00:00,2025-01-02 00:00:00+00:00,7.183705648387729,sl,-115.91149090333724,3
APT,2025-01-02 09:00:00+00:00,9.36,-1.0,9.074214772208833,9.44160606356668,9149.567481491773,3.0,0.975660502910614,3.502,True,2025-01-07 13:00:00+00:00,2025-01-03 11:00:00+00:00,9.44160606356668,sl,-91.66582506592262,3
TAO,2025-01-02 00:00:00+00:00,542.3,-1.0,478.1777870803504,560.6101184900319,5489.740488895064,3.0,0.9288223385810852,3.502,False,2025-01-07 04:00:00+00:00,2025-01-03 12:00:00+00:00,560.6101184900319,sl,-192.49126125476835,3
FIL,2025-01-03 12:00:00+00:00,5.477,-1.0,5.274014190945589,5.534962662957978,7106.5361704529005,3.0,0.9314175248146057,3.502,False,2025-01-08 16:00:00+00:00,2025-01-03 14:00:00+00:00,5.534962662957978,sl,-84.44641391891136,3
APT,2025-01-03 14:00:00+00:00,9.64,-1.0,9.348342473007644,9.723282900489282,8804.001700017147,3.0,0.971957802772522,3.502,True,2025-01-08 18:00:00+00:00,2025-01-03 15:00:00+00:00,9.723282900489282,sl,-87.50565838118376,3
SUI,2025-01-03 16:00:00+00:00,4.8451,-1.0,4.500239442244879,4.943575043008066,4651.714744151886,2.0,0.9014119505882263,3.502,False,2025-01-08 20:00:00+00:00,2025-01-03 20:00:00+00:00,4.943575043008066,sl,-100.59178129049252,3
POL,2025-01-03 15:00:00+00:00,0.52,-1.0,0.5007584329507728,0.5254944356497292,4651.714744151886,2.0,0.9129566550254822,3.502,False,2025-01-08 19:00:00+00:00,2025-01-04 07:00:00+00:00,0.5254944356497292,sl,-55.19828171093394,3
SUI,2025-01-03 20:00:00+00:00,4.9843,-1.0,4.6145408936318395,5.089884831559902,8627.660350324952,3.0,0.9565125107765198,3.502,True,2025-01-09 00:00:00+00:00,2025-01-04 08:00:00+00:00,5.089884831559902,sl,-193.97985004403196,3
ATOM,2025-01-06 03:00:00+00:00,7.51,-1.0,7.255142214668425,7.58277472244097,8394.055851804671,3.0,0.9617372751235962,3.502,True,2025-01-11 07:00:00+00:00,2025-01-07 05:00:00+00:00,7.58277472244097,sl,-92.25382850203123,3
HBAR,2025-01-07 06:00:00+00:00,0.32409,-1.0,0.309000148486013,0.3283989119454488,8307.567887584015,3.0,0.9722631573677063,3.502,True,2025-01-12 10:00:00+00:00,2025-01-07 15:00:00+00:00,0.309000148486013,tp,378.4984608884026,3
SUI,2025-01-04 08:00:00+00:00,5.1712,-1.0,4.747631058618283,5.2921502472273545,6715.244681443735,3.0,0.9210972785949707,3.502,False,2025-01-09 12:00:00+00:00,2025-01-08 00:00:00+00:00,4.747631058618283,tp,543.3251871019581,3
ICP,2025-01-07 15:00:00+00:00,11.522,-1.0,10.712348747340572,11.753196175190862,6496.807646000169,3.0,0.9872341752052307,3.502,True,2025-01-12 19:00:00+00:00,2025-01-08 06:00:00+00:00,10.712348747340572,tp,450.03404193492224,3
HBAR,2025-01-08 06:00:00+00:00,0.27601,-1.0,0.2583050179084171,0.281065663321648,9593.684471888966,3.0,0.9897204041481018,3.502,True,2025-01-13 10:00:00+00:00,2025-01-08 08:00:00+00:00,0.281065663321648,sl,-188.1988964544951,3
APT,2025-01-08 16:00:00+00:00,8.88,-1.0,8.371067402563677,9.025325866625593,9417.24800646288,3.0,0.9754832983016968,3.502,True,2025-01-13 20:00:00+00:00,2025-01-08 22:00:00+00:00,9.025325866625593,sl,-166.36063499481497,3
ICP,2025-01-09 13:00:00+00:00,10.099,-1.0,9.412556546658312,10.295014148531381,3704.513964462096,2.0,0.9091960191726685,3.502,False,2025-01-14 17:00:00+00:00,2025-01-09 15:00:00+00:00,10.295014148531381,sl,-76.71775452538681,3
TRX,2025-01-08 04:00:00+00:00,0.2492,-1.0,0.23784688821103586,0.25244188471703244,9171.77755757498,3.0,0.9743638038635254,3.502,True,2025-01-13 08:00:00+00:00,2025-01-09 20:00:00+00:00,0.23784688821103586,tp,408.67820604860987,3
DOT,2025-01-13 02:00:00+00:00,6.508,-1.0,6.273695261872584,6.57490579321186,5105.332178377739,2.0,0.9190243482589722,3.502,False,2025-01-18 06:00:00+00:00,2025-01-13 09:00:00+00:00,6.273695261872584,tp,178.6997568056828,3
TAO,2025-01-09 20:00:00+00:00,432.4,-1.0,351.81397565503494,455.4113651293646,7179.373375843696,3.0,0.9695793986320496,3.502,True,2025-01-15 00:00:00+00:00,2025-01-15 00:00:00+00:00,416.9,time,250.1755926870085,3
HBAR,2025-01-15 01:00:00+00:00,0.2962,-1.0,0.2822767785939824,0.30017578034349174,5319.769853124085,2.0,0.8877226710319519,3.502,False,2025-01-20 05:00:00+00:00,2025-01-15 02:00:00+00:00,0.30017578034349174,sl,-78.32095541389104,3
HBAR,2025-01-15 06:00:00+00:00,0.30808,-1.0,0.29444843612097477,0.31197249744300243,7920.91406312571,3.0,0.9257468581199646,3.502,False,2025-01-20 10:00:00+00:00,2025-01-15 07:00:00+00:00,0.31197249744300243,sl,-110.37553720753289,3
HBAR,2025-01-15 07:00:00+00:00,0.31216,-1.0,0.29810758801155623,0.316172670755789,9797.665512775076,3.0,0.9778386354446411,3.502,True,2025-01-20 11:00:00+00:00,2025-01-15 10:00:00+00:00,0.29810758801155623,tp,431.26086956693547,3
DOT,2025-01-15 13:00:00+00:00,6.911,-1.0,6.632653017863671,6.990482070131382,8161.578062395261,3.0,0.9351930618286133,3.502,False,2025-01-20 17:00:00+00:00,2025-01-15 15:00:00+00:00,6.990482070131382,sl,-104.47477727159999,3
HBAR,2025-01-15 15:00:00+00:00,0.31789,1.0,0.33884236354984004,0.3119070458601525,10104.027474301953,3.0,0.9896641373634338,3.502,True,2025-01-20 19:00:00+00:00,2025-01-15 17:00:00+00:00,0.3119070458601525,sl,-203.3014347367184,3
UNI,2025-01-15 16:00:00+00:00,14.588,1.0,15.910246036800912,14.21043221959389,5388.814652961041,2.0,0.8863430619239807,3.502,False,2025-01-20 20:00:00+00:00,2025-01-16 20:00:00+00:00,14.21043221959389,sl,-146.47919002899843,3
ICP,2025-01-15 23:00:00+00:00,11.034,-1.0,10.330497005214319,11.23488550606885,5948.059427541767,3.0,0.9464668035507202,3.502,False,2025-01-21 03:00:00+00:00,2025-01-17 04:00:00+00:00,11.23488550606885,sl,-116.02311784211149,3
POL,2025-01-17 06:00:00+00:00,0.4943,-1.0,0.4785426638101446,0.49879951240898474,5155.912781657127,2.0,0.8789969682693481,3.502,False,2025-01-22 10:00:00+00:00,2025-01-17 07:00:00+00:00,0.49879951240898474,sl,-53.635912472333025,3
POL,2025-01-17 08:00:00+00:00,0.5084,-1.0,0.4920358595593551,0.5130727855576537,5129.094825420961,2.0,0.8709347248077393,3.502,False,2025-01-22 12:00:00+00:00,2025-01-17 10:00:00+00:00,0.5130727855576537,sl,-53.810152588671684,3
POL,2025-01-17 10:00:00+00:00,0.5158,-1.0,0.4992792649139901,0.5205175012089232,7653.284623689937,3.0,0.9327301979064941,3.502,False,2025-01-22 14:00:00+00:00,2025-01-18 03:00:00+00:00,0.4992792649139901,tp,237.47639316966922,3
FIL,2025-01-18 05:00:00+00:00,5.359,-1.0,5.09494227925323,5.434401766953048,7831.391918567188,3.0,0.9462583661079407,3.502,False,2025-01-23 09:00:00+00:00,2025-01-18 06:00:00+00:00,5.434401766953048,sl,-120.3694246017669,3
DOT,2025-01-18 16:00:00+00:00,6.868,-1.0,6.448717837035152,6.987726156273855,9676.39356264483,3.0,0.9651705622673035,3.502,True,2025-01-23 20:00:00+00:00,2025-01-18 23:00:00+00:00,6.987726156273855,sl,-181.262684934952,3
POL,2025-01-19 08:00:00+00:00,0.4555,-1.0,0.43555375704663024,0.46119565608044155,9506.45979551831,3.0,0.99639493227005,3.502,True,2025-01-24 12:00:00+00:00,2025-01-19 13:00:00+00:00,0.46119565608044155,sl,-131.228925808415,3
DOT,2025-01-19 22:00:00+00:00,6.355,-1.0,5.8767991017165615,6.491550420063971,7506.746142058337,3.0,0.9221624135971069,3.502,False,2025-01-25 02:00:00+00:00,2025-01-20 06:00:00+00:00,6.491550420063971,sl,-171.05685637518073,3
FIL,2025-01-26 23:00:00+00:00,4.862,-1.0,4.715975493197116,4.9036973448087275,9223.06687472119,3.0,0.9989023208618164,3.502,True,2025-02-01 03:00:00+00:00,2025-01-27 01:00:00+00:00,4.715975493197116,tp,267.78100379397006,3
UNI,2025-01-26 20:00:00+00:00,11.432,-1.0,10.666447927471744,11.650603640143345,4918.968999851301,2.0,0.8725876212120056,3.502,False,2025-02-01 00:00:00+00:00,2025-01-27 04:00:00+00:00,10.666447927471744,tp,324.48331516201097,3
ATOM,2025-01-27 01:00:00+00:00,5.953,-1.0,5.728678170514605,6.0170551704434345,7579.28925262243,3.0,0.9362941980361938,3.502,False,2025-02-01 05:00:00+00:00,2025-01-27 06:00:00+00:00,5.728678170514605,tp,278.0246132078615,3
ATOM,2025-01-27 06:00:00+00:00,5.73,-1.0,5.438929702927764,5.813115216797022,10038.962748624794,3.0,0.9846722483634949,3.502,True,2025-02-01 10:00:00+00:00,2025-01-27 14:00:00+00:00,5.813115216797022,sl,-158.6685512711481,3
NEAR,2025-01-27 04:00:00+00:00,4.51,-1.0,4.1496365723537405,4.612901892483737,9778.314673742423,3.0,0.9866061806678772,3.502,True,2025-02-01 08:00:00+00:00,2025-01-27 20:00:00+00:00,4.612901892483737,sl,-235.81759294051903,3
ARB,2025-01-28 20:00:00+00:00,0.5925,-1.0,0.5240094169834731,0.6120575079739596,7735.3055907410835,3.0,0.9224371314048767,3.502,False,2025-02-03 00:00:00+00:00,2025-01-29 04:00:00+00:00,0.6120575079739596,sl,-265.38636270582515,3
DOT,2025-01-30 14:00:00+00:00,6.186,-1.0,5.9978906822552664,6.239714676087383,5024.177212474477,2.0,0.8903906345367432,3.502,False,2025-02-04 18:00:00+00:00,2025-01-31 11:00:00+00:00,6.239714676087383,sl,-50.157691542346186,3
APT,2025-01-31 15:00:00+00:00,8.4,-1.0,7.998726221252129,8.514583856377872,9373.309437568694,3.0,0.9533548951148987,3.502,True,2025-02-05 19:00:00+00:00,2025-01-31 18:00:00+00:00,7.998726221252129,tp,438.3961307274639,3
POL,2025-02-01 09:00:00+00:00,0.3991,-1.0,0.3867681716775045,0.4026213575374663,7827.4446481005525,3.0,0.9411242008209229,3.502,False,2025-02-06 13:00:00+00:00,2025-02-01 19:00:00+00:00,0.3867681716775045,tp,234.0335014912439,3
POL,2025-02-01 19:00:00+00:00,0.3865,-1.0,0.37375711073342127,0.3901387361220485,10003.712217773733,3.0,0.9769577980041504,3.502,True,2025-02-06 23:00:00+00:00,2025-02-01 23:00:00+00:00,0.37375711073342127,tp,319.81827237682256,3
DOT,2025-02-01 23:00:00+00:00,5.905,-1.0,5.633308290291685,5.982581654952432,10303.541848127003,3.0,0.9961144924163818,3.502,True,2025-02-07 03:00:00+00:00,2025-02-02 00:00:00+00:00,5.982581654952432,sl,-148.76561684106377,3
ARB,2025-02-01 20:00:00+00:00,0.5781,-1.0,0.5236246377436427,0.5936554571853471,10003.712217773733,3.0,0.9681908488273621,3.502,True,2025-02-07 00:00:00+00:00,2025-02-02 16:00:00+00:00,0.5236246377436427,tp,932.6633816614367,3
ATOM,2025-02-02 02:00:00+00:00,5.742,-1.0,5.486946471361719,5.8148306170050565,10164.074082338506,3.0,0.9865739941596985,3.502,True,2025-02-07 06:00:00+00:00,2025-02-02 16:00:00+00:00,5.486946471361719,tp,441.313278763592,3
APT,2025-02-02 16:00:00+00:00,6.72,-1.0,6.344172851123945,6.827317563046591,11452.177201486968,3.0,0.9964267611503601,3.502,True,2025-02-07 20:00:00+00:00,2025-02-02 18:00:00+00:00,6.344172851123945,tp,629.0298326286027,3
FIL,2025-02-02 18:00:00+00:00,3.724,-1.0,3.435865852528358,3.8062767983357206,12041.892669576284,3.0,0.9828029274940491,3.502,True,2025-02-07 22:00:00+00:00,2025-02-02 22:00:00+00:00,3.435865852528358,tp,919.6660767969602,3
TRX,2025-02-02 16:00:00+00:00,0.2302,-1.0,0.21827923262158763,0.23360397895288407,11452.177201486968,3.0,0.9986516833305359,3.502,True,2025-02-07 20:00:00+00:00,2025-02-03 00:00:00+00:00,0.21827923262158763,tp,581.591873168989,3
TAO,2025-02-02 16:00:00+00:00,368.4,-1.0,284.61869646393757,392.32377812844555,8589.132901115227,3.0,0.9689974188804626,3.502,True,2025-02-07 20:00:00+00:00,2025-02-03 00:00:00+00:00,284.61869646393757,tp,1944.7462381627154,3
FIL,2025-02-02 22:00:00+00:00,3.538,-1.0,3.132028381891178,3.653925325915954,10323.263693258748,3.0,0.939689040184021,3.502,False,2025-02-08 02:00:00+00:00,2025-02-03 01:00:00+00:00,3.132028381891178,tp,1174.230740183595,3
APT,2025-02-03 01:00:00+00:00,5.22,1.0,6.034292155898119,4.987478613399051,16373.362914869027,3.0,0.9648038744926453,3.502,True,2025-02-08 05:00:00+00:00,2025-02-03 15:00:00+00:00,6.034292155898119,tp,2537.7839143362835,3
LTC,2025-02-03 00:00:00+00:00,93.34,1.0,111.88863574348697,88.043431107138,8145.344851171684,2.0,0.8979471325874329,3.502,False,2025-02-08 04:00:00+00:00,2025-02-07 00:00:00+00:00,104.06,time,927.3388720393409,3
POL,2025-02-06 15:00:00+00:00,0.2992,-1.0,0.2859873267973262,0.3029728830758568,18752.535334559296,3.0,0.9755426049232483,3.502,True,2025-02-11 19:00:00+00:00,2025-02-07 00:00:00+00:00,0.2974,time,94.06351948565187,3
HBAR,2025-02-12 13:00:00+00:00,0.2193,-1.0,0.20890211554776247,0.22226911924428902,3750.0,3.0,0.9279366731643677,3.502,False,2025-02-17 17:00:00+00:00,2025-02-12 16:00:00+00:00,0.22226911924428902,sl,-55.6465329050791,4
POL,2025-02-16 11:00:00+00:00,0.3316,-1.0,0.32328090946498317,0.3339755189736876,4635.331375401489,3.0,0.9891253709793091,3.502,True,2025-02-21 15:00:00+00:00,2025-02-16 14:00:00+00:00,0.32328090946498317,tp,111.65460038506025,4
ICP,2025-02-17 14:00:00+00:00,7.214,-1.0,6.912614767822762,7.300060649828572,3555.0056724468623,3.0,0.973097562789917,3.502,True,2025-02-22 18:00:00+00:00,2025-02-17 19:00:00+00:00,6.912614767822762,tp,144.9654004797289,4
HBAR,2025-02-17 16:00:00+00:00,0.21299,-1.0,0.2029542406651691,0.21585571430072853,4740.007563262483,3.0,0.9842861294746399,3.502,True,2025-02-22 20:00:00+00:00,2025-02-18 08:00:00+00:00,0.2029542406651691,tp,218.60181670163544,4
HBAR,2025-02-18 08:00:00+00:00,0.2016,-1.0,0.19283852959182698,0.20410184068852366,2709.7876423306725,2.0,0.8880948424339294,3.502,False,2025-02-23 12:00:00+00:00,2025-02-18 09:00:00+00:00,0.20410184068852366,sl,-37.15098276856894,4
POL,2025-02-18 05:00:00+00:00,0.3095,-1.0,0.29667881341073876,0.3131610939476832,4875.912626212228,3.0,0.9917431473731995,3.502,True,2025-02-23 09:00:00+00:00,2025-02-18 16:00:00+00:00,0.29667881341073876,tp,197.11111669075626,4
ATOM,2025-02-18 05:00:00+00:00,4.684,-1.0,4.468095132702975,4.745651704187703,3900.730100969782,3.0,0.9331345558166504,3.502,False,2025-02-23 09:00:00+00:00,2025-02-18 16:00:00+00:00,4.468095132702975,tp,175.8999989364754,4
APT,2025-02-18 15:00:00+00:00,5.44,-1.0,5.126810709269955,5.529431302538827,5046.0227830244785,3.0,0.9897282719612122,3.502,True,2025-02-23 19:00:00+00:00,2025-02-18 21:00:00+00:00,5.529431302538827,sl,-89.51431309706273,4
POL,2025-02-18 16:00:00+00:00,0.2918,-1.0,0.27749116427977105,0.29588589263474263,5395.720703925008,3.0,0.982882022857666,3.502,True,2025-02-23 20:00:00+00:00,2025-02-18 21:00:00+00:00,0.29588589263474263,sl,-82.56733439041264,4
ATOM,2025-02-18 16:00:00+00:00,4.466,-1.0,4.2540099988371,4.526533812905969,5395.720703925008,3.0,0.9781951308250427,3.502,True,2025-02-23 20:00:00+00:00,2025-02-18 21:00:00+00:00,4.526533812905969,sl,-80.15002750718898,4
APT,2025-02-19 10:00:00+00:00,6.41,-1.0,6.0517897487275105,6.512287052278783,5159.25350861751,3.0,0.9688645005226135,3.502,True,2025-02-24 14:00:00+00:00,2025-02-19 12:00:00+00:00,6.512287052278783,sl,-89.03539669933882,4
ICP,2025-02-18 05:00:00+00:00,6.814,-1.0,6.45168783409421,6.917458355319522,3656.934469659171,3.0,0.9893090724945068,3.502,True,2025-02-23 09:00:00+00:00,2025-02-20 00:00:00+00:00,6.917458355319522,sl,-60.27799862948948,4
ATOM,2025-02-20 04:00:00+00:00,4.846,-1.0,4.693711707382516,4.889485970859504,5019.272200496734,3.0,0.9847347736358643,3.502,True,2025-02-25 08:00:00+00:00,2025-02-20 17:00:00+00:00,4.889485970859504,sl,-51.56589675101332,4
HBAR,2025-02-20 04:00:00+00:00,0.22301,-1.0,0.21293509200382787,0.22588689321354588,4015.4177603973867,3.0,0.9368298649787903,3.502,False,2025-02-25 08:00:00+00:00,2025-02-21 13:00:00+00:00,0.22588689321354588,sl,-57.020088397869486,4
ICP,2025-02-21 09:00:00+00:00,7.357,-1.0,7.105710246666238,7.428755869758234,3728.1968792194943,3.0,0.9929825067520142,3.502,True,2025-02-26 13:00:00+00:00,2025-02-21 13:00:00+00:00,7.428755869758234,sl,-41.20930507963453,4
DOT,2025-02-21 12:00:00+00:00,5.212,-1.0,5.0833966474939745,5.2487227286050055,3976.7433378341266,3.0,0.9366856217384338,3.502,False,2025-02-26 16:00:00+00:00,2025-02-21 13:00:00+00:00,5.2487227286050055,sl,-33.189119049669316,4
DOT,2025-02-21 13:00:00+00:00,5.321,-1.0,5.172235086903227,5.363479868705943,4847.724316798434,3.0,0.9828552007675171,3.502,True,2025-02-26 17:00:00+00:00,2025-02-21 15:00:00+00:00,5.172235086903227,tp,130.68531208719125,4
ATOM,2025-02-21 13:00:00+00:00,5.073,-1.0,4.953400839602464,5.107151578657015,3878.179453438747,3.0,0.9420651793479919,3.502,False,2025-02-26 17:00:00+00:00,2025-02-21 15:00:00+00:00,4.953400839602464,tp,87.55233631676622,4
POL,2025-02-21 17:00:00+00:00,0.2953,1.0,0.3087279908400507,0.2914656329036478,5052.322112177143,3.0,0.9732243418693542,3.502,True,2025-02-26 21:00:00+00:00,2025-02-21 19:00:00+00:00,0.2914656329036478,sl,-72.1706522273905,4
POL,2025-02-24 03:00:00+00:00,0.2861,-1.0,0.2772915511982175,0.28861525538390453,4984.662125713964,3.0,0.9911318421363831,3.502,True,2025-03-01 07:00:00+00:00,2025-02-24 05:00:00+00:00,0.28861525538390453,sl,-50.30284387648989,4
DOT,2025-02-24 03:00:00+00:00,4.795,-1.0,4.666005160880562,4.831834517733179,4984.662125713964,3.0,0.9904700517654419,3.502,True,2025-03-01 07:00:00+00:00,2025-02-24 10:00:00+00:00,4.666005160880562,tp,129.11245757631448,4
APT,2025-02-24 03:00:00+00:00,5.8,-1.0,5.553363433550088,5.870427150749326,4984.662125713964,3.0,0.9916319251060486,3.502,True,2025-03-01 07:00:00+00:00,2025-02-24 19:00:00+00:00,5.553363433550088,tp,206.98084677066694,4
FIL,2025-02-24 14:00:00+00:00,3.197,-1.0,3.059000968772074,3.2364056676811703,5058.54613855755,3.0,0.994636595249176,3.502,True,2025-03-01 18:00:00+00:00,2025-02-24 22:00:00+00:00,3.059000968772074,tp,213.29443057170485,4
ATOM,2025-02-24 19:00:00+00:00,4.558,-1.0,4.380656564124111,4.60864047506261,2801.3816972826935,2.0,0.8938043713569641,3.502,False,2025-03-01 23:00:00+00:00,2025-02-24 22:00:00+00:00,4.380656564124111,tp,106.19525178142325,4
ICP,2025-02-24 14:00:00+00:00,6.687,-1.0,6.323604688605703,6.790767647861584,3793.9096039181622,3.0,0.9827247262001038,3.502,True,2025-03-01 18:00:00+00:00,2025-02-25 00:00:00+00:00,6.323604688605703,tp,202.38060242205114,4
POL,2025-02-24 22:00:00+00:00,0.2657,-1.0,0.2517826508931836,0.26967410350656906,5552.112259611107,3.0,0.991550087928772,3.502,True,2025-03-02 02:00:00+00:00,2025-02-25 02:00:00+00:00,0.26967410350656906,sl,-90.26128677221641,4
DOT,2025-02-24 22:00:00+00:00,4.397,-1.0,4.16347823509941,4.463682214955512,5552.112259611107,3.0,0.9920496344566345,3.502,True,2025-03-02 02:00:00+00:00,2025-02-25 07:00:00+00:00,4.16347823509941,tp,289.3169015658588,4
FIL,2025-02-25 07:00:00+00:00,2.903,-1.0,2.664388909125046,2.9711354736217683,5928.45871325082,3.0,0.9560588002204895,3.502,True,2025-03-02 11:00:00+00:00,2025-02-25 11:00:00+00:00,2.9711354736217683,sl,-146.85213662155735,4
POL,2025-02-25 07:00:00+00:00,0.2561,-1.0,0.23631035169199524,0.2617509404291721,4742.766970600656,3.0,0.947624921798706,3.502,False,2025-03-02 11:00:00+00:00,2025-02-25 11:00:00+00:00,0.2617509404291721,sl,-110.81648976115312,4
ATOM,2025-02-24 22:00:00+00:00,4.331,-1.0,4.100610128006711,4.396787901930125,5552.112259611107,3.0,0.988488495349884,3.502,True,2025-03-02 02:00:00+00:00,2025-02-25 19:00:00+00:00,4.396787901930125,sl,-91.55434645477406,4
HBAR,2025-02-25 06:00:00+00:00,0.18857,-1.0,0.17210798790600196,0.19327073283969706,3017.186196284175,2.0,0.8979964852333069,3.502,False,2025-03-02 10:00:00+00:00,2025-02-25 20:00:00+00:00,0.19327073283969706,sl,-79.13571765231492,4
APT,2025-02-27 00:00:00+00:00,6.0,-1.0,5.630045150325134,6.105640726123989,2947.6653018222046,2.0,0.9187732934951782,3.502,False,2025-03-04 04:00:00+00:00,2025-02-27 01:00:00+00:00,6.105640726123989,sl,-55.73088203486618,4
ATOM,2025-02-27 10:00:00+00:00,4.779,1.0,4.938139308352205,4.733557719397458,5474.624739008947,3.0,0.9578369855880737,3.502,True,2025-03-04 14:00:00+00:00,2025-02-27 11:00:00+00:00,4.733557719397458,sl,-59.17380931150904,4
ICP,2025-02-27 10:00:00+00:00,6.797,1.0,7.172580698140008,6.689752811040226,4105.9685542567095,3.0,0.9524247050285339,3.502,True,2025-03-04 14:00:00+00:00,2025-02-27 12:00:00+00:00,6.689752811040226,sl,-70.1242215894553,4
FIL,2025-02-27 07:00:00+00:00,3.264,1.0,3.4250967414192672,3.217998773756591,5474.624739008947,3.0,0.9530069231987,3.502,True,2025-03-04 11:00:00+00:00,2025-02-27 19:00:00+00:00,3.217998773756591,sl,-84.27370677373668,4
HBAR,2025-02-28 16:00:00+00:00,0.20965,1.0,0.22509610433219246,0.20523935994791326,2813.0139919674207,2.0,0.8862075805664062,3.502,False,2025-03-05 20:00:00+00:00,2025-03-01 03:00:00+00:00,0.22509610433219246,tp,204.43767815134748,4
HBAR,2025-03-01 04:00:00+00:00,0.23442,-1.0,0.21910112881716662,0.23879430858543035,2915.2328310430944,2.0,0.8761647343635559,3.502,False,2025-03-06 08:00:00+00:00,2025-03-01 19:00:00+00:00,0.23879430858543035,sl,-58.18843761491909,4
ICP,2025-03-02 02:00:00+00:00,6.721,-1.0,6.436674309266756,6.802189292291105,4058.6324234563617,3.0,0.9727722406387329,3.502,True,2025-03-07 06:00:00+00:00,2025-03-02 16:00:00+00:00,6.802189292291105,sl,-54.304267698797915,4
DOT,2025-03-02 16:00:00+00:00,5.044,-1.0,4.836120608277931,5.103360027060146,5360.599646974192,3.0,0.9922733902931213,3.502,True,2025-03-07 20:00:00+00:00,2025-03-02 19:00:00+00:00,5.103360027060146,sl,-70.05469153610949,4
ATOM,2025-03-02 16:00:00+00:00,4.833,-1.0,4.63940986966749,4.888279723881812,5360.599646974192,3.0,0.9847458600997925,3.502,True,2025-03-07 20:00:00+00:00,2025-03-02 23:00:00+00:00,4.888279723881812,sl,-68.28317398047712,4
HBAR,2025-03-01 21:00:00+00:00,0.26229,-1.0,0.24199729139376014,0.2680845894588751,2886.138612235635,2.0,0.9159442782402039,3.502,False,2025-03-07 01:00:00+00:00,2025-03-03 00:00:00+00:00,0.2680845894588751,sl,-67.51342126995763,4
DOT,2025-03-02 23:00:00+00:00,5.205,1.0,5.4976362435258865,5.121437626690284,2789.8175456279428,2.0,0.9035075902938843,3.502,False,2025-03-08 03:00:00+00:00,2025-03-03 03:00:00+00:00,5.121437626690284,sl,-48.41519224519687,4
ICP,2025-03-02 16:00:00+00:00,7.168,-1.0,6.733658659108454,7.2920263093666025,4020.4497352306444,3.0,0.9764478802680969,3.502,True,2025-03-07 20:00:00+00:00,2025-03-03 08:00:00+00:00,6.733658659108454,tp,239.5966720542698,4
POL,2025-03-03 18:00:00+00:00,0.2648,-1.0,0.2485141568820376,0.26945042773201894,5346.846702932813,3.0,0.9789814352989197,3.502,True,2025-03-08 22:00:00+00:00,2025-03-04 01:00:00+00:00,0.2485141568820376,tp,323.49721137772514,4
ICP,2025-03-03 18:00:00+00:00,6.403,-1.0,5.8733418561197865,6.554244053068,3208.1080217596887,3.0,0.9384012222290039,3.502,False,2025-03-08 22:00:00+00:00,2025-03-04 01:00:00+00:00,5.8733418561197865,tp,262.1675815257116,4
ATOM,2025-03-03 18:00:00+00:00,4.352,-1.0,4.083048696585574,4.428799131055217,4277.4773623462515,3.0,0.9226959347724915,3.502,False,2025-03-08 22:00:00+00:00,2025-03-04 01:00:00+00:00,4.083048696585574,tp,260.0683663712767,4
POL,2025-03-04 01:00:00+00:00,0.2399,-1.0,0.22018864901467777,0.24552858260353738,4911.777231802286,3.0,0.9436415433883667,3.502,False,2025-03-09 05:00:00+00:00,2025-03-04 05:00:00+00:00,0.24552858260353738,sl,-121.62642703066075,4
HBAR,2025-03-03 18:00:00+00:00,0.23414,-1.0,0.21616293471209536,0.23927335676572864,5346.846702932813,3.0,0.9899068474769592,3.502,True,2025-03-08 22:00:00+00:00,2025-03-04 11:00:00+00:00,0.23927335676572864,sl,-124.17679845795759,4
DOT,2025-03-04 01:00:00+00:00,4.268,-1.0,3.9019600164592587,4.372522834842253,6139.721539752857,3.0,0.9510009288787842,3.502,True,2025-03-09 05:00:00+00:00,2025-03-04 19:00:00+00:00,4.372522834842253,sl,-158.34272058767056,4
APT,2025-03-04 01:00:00+00:00,5.45,-1.0,5.019364725246187,5.572968040990887,6139.721539752857,3.0,0.9535559415817261,3.502,True,2025-03-09 05:00:00+00:00,2025-03-05 02:00:00+00:00,5.572968040990887,sl,-146.51182698754252,4
TAO,2025-03-04 08:00:00+00:00,273.2,-1.0,208.91531525707427,291.5565123713412,4519.27257330871,3.0,0.9595738649368286,3.502,True,2025-03-09 12:00:00+00:00,2025-03-05 04:00:00+00:00,291.5565123713412,sl,-309.5283592552738,4
FIL,2025-03-05 20:00:00+00:00,3.149,1.0,3.27525443282555,3.1129480061640358,2844.4250883753043,2.0,0.8807887434959412,3.502,False,2025-03-11 00:00:00+00:00,2025-03-06 13:00:00+00:00,3.1129480061640358,sl,-36.26275602961274,4
FIL,2025-03-09 10:00:00+00:00,2.933,-1.0,2.8519622710236003,2.956140349531921,5299.300706925934,3.0,0.9619430303573608,3.502,True,2025-03-14 14:00:00+00:00,2025-03-09 11:00:00+00:00,2.956140349531921,sl,-48.6987297301268,4
HBAR,2025-03-09 10:00:00+00:00,0.21455,-1.0,0.20578852959182697,0.21705184068852365,2826.293710360498,2.0,0.8897079825401306,3.502,False,2025-03-14 14:00:00+00:00,2025-03-09 16:00:00+00:00,0.20578852959182697,tp,112.58964060858159,4
DOT,2025-03-09 17:00:00+00:00,4.008,-1.0,3.8341799436448247,4.057634372909049,2858.2391657997255,2.0,0.889239490032196,3.502,False,2025-03-14 21:00:00+00:00,2025-03-09 19:00:00+00:00,4.057634372909049,sl,-39.111646199609474,4
APT,2025-03-10 08:00:00+00:00,5.405,-1.0,5.043462112513503,5.508237259868258,5322.531267562351,3.0,0.9967541098594666,3.502,True,2025-03-15 12:00:00+00:00,2025-03-10 09:00:00+00:00,5.508237259868258,sl,-108.58137087470634,4
NEAR,2025-03-10 12:00:00+00:00,2.473,-1.0,2.1848658525283575,2.5552767983357203,2784.3926572625674,2.0,0.881503701210022,3.502,False,2025-03-15 16:00:00+00:00,2025-03-11 00:00:00+00:00,2.1848658525283575,tp,321.6307325051518,4
POL,2025-03-10 17:00:00+00:00,0.2069,-1.0,0.19302179955452484,0.21086292459375175,5220.736232367314,3.0,0.9789542555809021,3.502,True,2025-03-15 21:00:00+00:00,2025-03-11 00:00:00+00:00,0.19302179955452484,tp,344.9698094696549,4
ATOM,2025-03-11 00:00:00+00:00,3.465,-1.0,3.1741254462344703,3.548059322232935,5845.674240468696,3.0,0.9555213451385498,3.502,True,2025-03-16 04:00:00+00:00,2025-03-11 01:00:00+00:00,3.548059322232935,sl,-147.72570852064882,4
APT,2025-03-10 16:00:00+00:00,5.244,-1.0,4.835875205517409,5.3605401661209084,5220.736232367314,3.0,0.9863443374633789,3.502,True,2025-03-15 20:00:00+00:00,2025-03-11 07:00:00+00:00,5.3605401661209084,sl,-122.81012029687798,4
UNI,2025-03-11 00:00:00+00:00,5.711,-1.0,4.922741703893816,5.936087409577409,5845.674240468696,3.0,0.9763022065162659,3.502,True,2025-03-16 04:00:00+00:00,2025-03-11 08:00:00+00:00,5.936087409577409,sl,-237.99469642514384,4
TAO,2025-03-10 12:00:00+00:00,232.6,-1.0,183.10025117520294,246.73466917220378,3915.5521742754854,3.0,0.9968006610870361,3.502,True,2025-03-15 16:00:00+00:00,2025-03-11 12:00:00+00:00,246.73466917220378,sl,-243.03103730156766,4
DOT,2025-03-14 10:00:00+00:00,4.16,-1.0,4.028069011279968,4.197672936194481,5141.085275583472,3.0,0.9924880266189575,3.502,True,2025-03-19 14:00:00+00:00,2025-03-14 16:00:00+00:00,4.197672936194481,sl,-53.24104969418175,4
ATOM,2025-03-14 15:00:00+00:00,4.11,-1.0,3.9898136096823458,4.144319262349275,5141.085275583472,3.0,0.9732415080070496,3.502,True,2025-03-19 19:00:00+00:00,2025-03-14 16:00:00+00:00,4.144319262349275,sl,-49.612426510993934,4
ATOM,2025-03-14 16:00:00+00:00,4.191,-1.0,4.060243471120206,4.22833756880996,5044.6601416411195,3.0,0.9867684245109558,3.502,True,2025-03-19 20:00:00+00:00,2025-03-14 20:00:00+00:00,4.22833756880996,sl,-51.50087497282058,4
ATOM,2025-03-14 21:00:00+00:00,4.267,1.0,4.419092549310778,4.2235699237045825,2664.734971388854,2.0,0.9196037650108337,3.502,False,2025-03-20 01:00:00+00:00,2025-03-15 05:00:00+00:00,4.419092549310778,tp,92.31682936798623,4
FIL,2025-03-15 16:00:00+00:00,2.964,-1.0,2.898034505639984,2.9828364680972403,4066.340079109271,3.0,0.9331215620040894,3.502,False,2025-03-20 20:00:00+00:00,2025-03-16 09:00:00+00:00,2.898034505639984,tp,86.43235545206113,4
TRX,2025-03-11 12:00:00+00:00,0.224,-1.0,0.21053286049860803,0.22784554600916954,4112.868220466778,3.0,0.9386701583862305,3.502,False,2025-03-16 16:00:00+00:00,2025-03-16 16:00:00+00:00,0.2131,time,196.02223715046114,4
ICP,2025-03-17 19:00:00+00:00,6.034,-1.0,5.708785567075594,6.126865085753921,4010.79470958859,3.0,0.9508286714553833,3.502,True,2025-03-22 23:00:00+00:00,2025-03-18 11:00:00+00:00,5.708785567075594,tp,212.15896449741493,4
POL,2025-03-18 13:00:00+00:00,0.204,-1.0,0.19689451796656207,0.20602897267634962,5546.62530866778,3.0,0.9957838654518127,3.502,True,2025-03-23 17:00:00+00:00,2025-03-18 14:00:00+00:00,0.20602897267634962,sl,-62.37704033870084,4
FIL,2025-03-19 22:00:00+00:00,3.075,1.0,3.190097064343292,3.0421339963169816,5488.146833350248,3.0,0.9624062180519104,3.502,True,2025-03-25 02:00:00+00:00,2025-03-20 03:00:00+00:00,3.0421339963169816,sl,-65.792624716798,4
ATOM,2025-03-21 12:00:00+00:00,4.482,-1.0,4.348503064826319,4.520120092707175,4341.1729981426,3.0,0.9260808825492859,3.502,False,2025-03-26 16:00:00+00:00,2025-03-21 13:00:00+00:00,4.520120092707175,sl,-42.56586250291308,4
ATOM,2025-03-22 18:00:00+00:00,5.032,-1.0,4.874035151488033,5.077106913218021,5386.560751581769,3.0,0.9650629758834839,3.502,True,2025-03-27 22:00:00+00:00,2025-03-22 23:00:00+00:00,4.874035151488033,tp,163.70868033031846,4
TRX,2025-03-18 20:00:00+00:00,0.2371,-1.0,0.2269017737206029,0.24001210678892054,5488.146833350248,3.0,0.9602152109146118,3.502,True,2025-03-24 00:00:00+00:00,2025-03-24 00:00:00+00:00,0.2269,time,230.6109577645941,4
ICP,2025-03-24 04:00:00+00:00,5.942,-1.0,5.74378437560311,5.998600535197228,4317.176559221813,3.0,0.9946538209915161,3.502,True,2025-03-29 08:00:00+00:00,2025-03-24 06:00:00+00:00,5.998600535197228,sl,-46.735605156890635,4
DOT,2025-03-24 04:00:00+00:00,4.614,-1.0,4.488724283707982,4.649772521015531,5756.2354122957495,3.0,0.984516441822052,3.502,True,2025-03-29 08:00:00+00:00,2025-03-24 06:00:00+00:00,4.649772521015531,sl,-52.11142251987971,4
HBAR,2025-03-24 04:00:00+00:00,0.1913,-1.0,0.18591118676637614,0.19283877734930868,5756.2354122957495,3.0,0.9757486581802368,3.502,True,2025-03-29 08:00:00+00:00,2025-03-24 10:00:00+00:00,0.19283877734930868,sl,-53.785064581354234,4
ARB,2025-03-19 08:00:00+00:00,0.382,-1.0,0.35665124178153695,0.3892383460492363,5488.146833350248,3.0,0.9595605731010437,3.502,True,2025-03-24 12:00:00+00:00,2025-03-24 12:00:00+00:00,0.3904,time,-126.16990966094758,4
APT,2025-03-24 22:00:00+00:00,6.008,-1.0,5.85492873415569,6.051709549115851,5494.85853549662,3.0,0.9915665984153748,3.502,True,2025-03-30 02:00:00+00:00,2025-03-25 15:00:00+00:00,5.85492873415569,tp,134.50263674810498,4
ARB,2025-03-24 12:00:00+00:00,0.3904,-1.0,0.36969035815047574,0.3963136448803799,5494.85853549662,3.0,0.9983435869216919,3.502,True,2025-03-29 16:00:00+00:00,2025-03-26 04:00:00+00:00,0.3963136448803799,sl,-90.37754265058014,4
POL,2025-03-26 01:00:00+00:00,0.234,-1.0,0.22638558536912576,0.23617429854297523,2997.842537305583,2.0,0.9030283689498901,3.502,False,2025-03-31 05:00:00+00:00,2025-03-26 04:00:00+00:00,0.23617429854297523,sl,-31.75277077256837,4
POL,2025-03-26 05:00:00+00:00,0.239,-1.0,0.23005453088352304,0.24155438157876521,2936.7773805940087,2.0,0.8675285577774048,3.502,False,2025-03-31 09:00:00+00:00,2025-03-26 06:00:00+00:00,0.24155438157876521,sl,-35.205467673950984,4
POL,2025-03-26 06:00:00+00:00,0.2432,-1.0,0.23349113198736857,0.24597237037870362,5473.452462669437,3.0,0.9738178253173828,3.502,True,2025-03-31 10:00:00+00:00,2025-03-26 11:00:00+00:00,0.24597237037870362,sl,-69.51037914204235,4
LINK,2025-03-26 04:00:00+00:00,15.92,1.0,16.930035462604398,15.631584049312284,4405.166070891013,3.0,0.9397353529930115,3.502,False,2025-03-31 08:00:00+00:00,2025-03-26 12:00:00+00:00,15.631584049312284,sl,-85.5332586228933,4
FIL,2025-03-24 06:00:00+00:00,3.184,-1.0,3.0845624001932106,3.2123944385560774,5663.566323848778,3.0,0.993158757686615,3.502,True,2025-03-29 10:00:00+00:00,2025-03-26 14:00:00+00:00,3.0845624001932106,tp,171.21188643685636,4
ATOM,2025-03-28 04:00:00+00:00,4.657,1.0,4.807135116243716,4.61412886934545,4390.88815663949,3.0,0.9203786253929138,3.502,False,2025-04-02 08:00:00+00:00,2025-03-28 05:00:00+00:00,4.61412886934545,sl,-46.129528847309366,4
APT,2025-03-28 04:00:00+00:00,5.727,1.0,5.888879714646093,5.680775195500244,2927.258771092994,2.0,0.8703151941299438,3.502,False,2025-04-02 08:00:00+00:00,2025-03-28 05:00:00+00:00,5.680775195500244,sl,-27.43246004725592,4
HBAR,2025-03-31 00:00:00+00:00,0.1636,-1.0,0.15745170273635578,0.16535564825796534,2890.4777766457114,2.0,0.9011998772621155,3.502,False,2025-04-05 04:00:00+00:00,2025-03-31 01:00:00+00:00,0.16535564825796534,sl,-34.77633916132389,4
ICP,2025-03-31 09:00:00+00:00,5.117,-1.0,4.8210304952653,5.201514187118264,4040.282259935226,3.0,0.9571473598480225,3.502,True,2025-04-05 13:00:00+00:00,2025-03-31 12:00:00+00:00,5.201514187118264,sl,-71.98310192458179,4
HBAR,2025-03-31 03:00:00+00:00,0.16223,-1.0,0.15531047410793306,0.16420587284046723,2873.0896070650497,2.0,0.8876811265945435,3.502,False,2025-04-05 07:00:00+00:00,2025-03-31 14:00:00+00:00,0.16420587284046723,sl,-38.72767951592715,4
FIL,2025-04-01 04:00:00+00:00,2.841,-1.0,2.7662260568382013,2.862351723481145,5283.251655646491,3.0,0.980603039264679,3.502,True,2025-04-06 08:00:00+00:00,2025-04-01 05:00:00+00:00,2.862351723481145,sl,-46.57485454856177,4
LTC,2025-03-31 04:00:00+00:00,83.71,-1.0,79.01607550518344,85.05035164680065,5387.043013246968,3.0,0.9821985363960266,3.502,True,2025-04-05 08:00:00+00:00,2025-04-01 12:00:00+00:00,85.05035164680065,sl,-93.25966020812467,4
FIL,2025-04-01 06:00:00+00:00,2.928,-1.0,2.8405027419022932,2.9529848701467847,2794.446789070514,2.0,0.9180290699005127,3.502,False,2025-04-06 10:00:00+00:00,2025-04-01 14:00:00+00:00,2.8405027419022932,tp,80.711848273638,4
ATOM,2025-04-01 08:00:00+00:00,4.508,-1.0,4.387422123068933,4.542431051477448,5239.587729507214,3.0,0.9905303120613098,3.502,True,2025-04-06 12:00:00+00:00,2025-04-01 14:00:00+00:00,4.387422123068933,tp,134.90645584148902,4
ICP,2025-04-01 15:00:00+00:00,5.553,-1.0,5.301981033038365,5.624678546622718,4015.7242186275216,3.0,0.9946444034576416,3.502,True,2025-04-06 19:00:00+00:00,2025-04-02 02:00:00+00:00,5.301981033038365,tp,177.51190858574802,4
HBAR,2025-04-01 15:00:00+00:00,0.17472,-1.0,0.16644788785859266,0.17708210427830673,5354.2989581700285,3.0,0.9730501770973206,3.502,True,2025-04-06 19:00:00+00:00,2025-04-02 02:00:00+00:00,0.16644788785859266,tp,248.1447934216543,4
OP,2025-04-02 20:00:00+00:00,0.701,-1.0,0.6338600457997463,0.7201718354817609,5753.352116301968,3.0,0.9538699388504028,3.502,True,2025-04-08 00:00:00+00:00,2025-04-03 00:00:00+00:00,0.7201718354817609,sl,-164.82931530095354,4
POL,2025-04-02 22:00:00+00:00,0.1839,-1.0,0.1735843277365791,0.1868456435273726,4602.681693041574,3.0,0.9453856348991394,3.502,False,2025-04-08 02:00:00+00:00,2025-04-03 00:00:00+00:00,0.1868456435273726,sl,-79.70757286579482,4
FIL,2025-04-02 22:00:00+00:00,2.67,-1.0,2.5255414396507665,2.7112501882960336,4602.681693041574,3.0,0.9395906329154968,3.502,False,2025-04-08 02:00:00+00:00,2025-04-03 00:00:00+00:00,2.7112501882960336,sl,-77.09265717648661,4
FIL,2025-04-03 12:00:00+00:00,2.611,-1.0,2.503145438004841,2.6417979048118085,2907.6396893560986,2.0,0.8976590633392334,3.502,False,2025-04-08 16:00:00+00:00,2025-04-03 13:00:00+00:00,2.6417979048118085,sl,-38.076833311913624,4
ATOM,2025-04-03 21:00:00+00:00,4.656,1.0,4.865249594869011,4.596248710991246,2888.6012727001416,2.0,0.9182550311088562,3.502,False,2025-04-09 01:00:00+00:00,2025-04-04 06:00:00+00:00,4.865249594869011,tp,126.93069555947685,4
TRX,2025-03-31 12:00:00+00:00,0.2374,-1.0,0.22988345702247887,0.23954635126093185,5319.558855192672,3.0,0.9501703977584839,3.502,True,2025-04-05 16:00:00+00:00,2025-04-04 12:00:00+00:00,0.23954635126093185,sl,-55.009958341758825,4
ATOM,2025-04-04 13:00:00+00:00,4.955,1.0,5.227866169548553,4.877082977663047,5483.553077454377,3.0,0.964219331741333,3.502,True,2025-04-09 17:00:00+00:00,2025-04-05 16:00:00+00:00,4.877082977663047,sl,-93.35710086181679,4
POL,2025-04-06 13:00:00+00:00,0.1808,-1.0,0.17694385685788627,0.1819011229125093,4316.824636317138,3.0,0.9382338523864746,3.502,False,2025-04-11 17:00:00+00:00,2025-04-06 14:00:00+00:00,0.1819011229125093,sl,-31.902549661799828,4
FIL,2025-04-06 13:00:00+00:00,2.568,-1.0,2.49909835603939,2.587674886558542,2877.8830908780924,2.0,0.8962730169296265,3.502,False,2025-04-11 17:00:00+00:00,2025-04-06 14:00:00+00:00,2.587674886558542,sl,-25.79032252817748,4
HBAR,2025-04-06 13:00:00+00:00,0.15335,-1.0,0.1496896001645926,0.1543952283484225,2877.8830908780924,2.0,0.886951744556427,3.502,False,2025-04-11 17:00:00+00:00,2025-04-06 14:00:00+00:00,0.1543952283484225,sl,-23.35680061045722,4
FIL,2025-04-06 17:00:00+00:00,2.506,-1.0,2.4155665923016993,2.531823288608086,2837.3582544778756,2.0,0.9000493288040161,3.502,False,2025-04-11 21:00:00+00:00,2025-04-06 19:00:00+00:00,2.4155665923016993,tp,99.55369354653403,4
HBAR,2025-04-06 18:00:00+00:00,0.14227,-1.0,0.13601404391766736,0.14405639026821307,5320.046727146017,3.0,0.9602605700492859,3.502,True,2025-04-11 22:00:00+00:00,2025-04-06 23:00:00+00:00,0.13601404391766736,tp,228.61527822528961,4
FIL,2025-04-06 20:00:00+00:00,2.364,-1.0,2.234809417573856,2.4008904122972656,2887.1351012511427,2.0,0.900350034236908,3.502,False,2025-04-12 00:00:00+00:00,2025-04-07 01:00:00+00:00,2.4008904122972656,sl,-48.807253737829,4
ATOM,2025-04-06 18:00:00+00:00,4.529,-1.0,4.357137376711887,4.578075427268181,5320.046727146017,3.0,0.9630861878395081,3.502,True,2025-04-11 22:00:00+00:00,2025-04-07 03:00:00+00:00,4.357137376711887,tp,196.56054204358756,4
ARB,2025-04-06 16:00:00+00:00,0.2744,-1.0,0.2535337635051107,0.2803583605316493,5320.046727146017,3.0,0.9770639538764954,3.502,True,2025-04-11 20:00:00+00:00,2025-04-07 04:00:00+00:00,0.2535337635051107,tp,399.2329896157493,4
AVAX,2025-04-07 04:00:00+00:00,14.83,-1.0,13.30515964075809,15.265418654235912,6140.504773733514,3.0,0.9950597286224365,3.502,True,2025-04-12 08:00:00+00:00,2025-04-07 08:00:00+00:00,15.265418654235912,sl,-188.27195660425141,4
ATOM,2025-04-07 03:00:00+00:00,4.306,-1.0,4.023933895036253,4.386544066849031,5766.22384596875,3.0,0.9818786978721619,3.502,True,2025-04-12 07:00:00+00:00,2025-04-07 14:00:00+00:00,4.386544066849031,sl,-115.35375911777682,4
DOT,2025-04-07 03:00:00+00:00,3.501,-1.0,3.268456951632941,3.5674027421350787,5766.22384596875,3.0,0.974541425704956,3.502,True,2025-04-12 07:00:00+00:00,2025-04-07 14:00:00+00:00,3.5674027421350787,sl,-116.86286481781283,4
TRX,2025-04-07 00:00:00+00:00,0.2263,-1.0,0.2187051596997964,0.22846870908656655,3001.4427403637874,2.0,0.8904227614402771,3.502,False,2025-04-12 04:00:00+00:00,2025-04-07 20:00:00+00:00,0.22846870908656655,sl,-32.66571181451072,4
HBAR,2025-04-08 11:00:00+00:00,0.16332,-1.0,0.15430014842697468,0.1658956215131182,5715.67262465131,3.0,0.9616100192070007,3.502,True,2025-04-13 15:00:00+00:00,2025-04-08 16:00:00+00:00,0.15430014842697468,tp,309.9500064982905,4
NEAR,2025-04-08 16:00:00+00:00,1.899,-1.0,1.5417684652610415,2.001007579458349,4805.000604594766,3.0,0.9288402199745178,3.502,False,2025-04-13 20:00:00+00:00,2025-04-09 16:00:00+00:00,2.001007579458349,sl,-264.35417902221053,4
POL,2025-04-12 12:00:00+00:00,0.1883,-1.0,0.18405237024447374,0.18951291204068282,5758.418712910135,3.0,0.9605190753936768,3.502,True,2025-04-17 16:00:00+00:00,2025-04-12 13:00:00+00:00,0.18951291204068282,sl,-44.578113164712114,4
FIL,2025-04-12 13:00:00+00:00,2.51,-1.0,2.447753628467403,2.5277744713795918,5716.626731818217,3.0,0.9951257109642029,3.502,True,2025-04-17 17:00:00+00:00,2025-04-12 14:00:00+00:00,2.5277744713795918,sl,-47.91369372846064,4
SUI,2025-04-12 12:00:00+00:00,2.3178,-1.0,2.1221154162857334,2.3736777957175406,5758.418712910135,3.0,0.9556961059570312,3.502,True,2025-04-17 16:00:00+00:00,2025-04-13 00:00:00+00:00,2.3736777957175406,sl,-146.31058169672662,4
DOT,2025-04-12 14:00:00+00:00,3.728,-1.0,3.638936795448643,3.753432026659479,5671.707643947786,3.0,0.9984721541404724,3.502,True,2025-04-17 18:00:00+00:00,2025-04-13 05:00:00+00:00,3.638936795448643,tp,129.82734226174352,4
APT,2025-04-13 09:00:00+00:00,5.136,-1.0,4.9833202207691025,5.179597759987678,3016.669123721328,2.0,0.9188336730003357,3.502,False,2025-04-18 13:00:00+00:00,2025-04-13 11:00:00+00:00,4.9833202207691025,tp,86.66097414388726,4
TRX,2025-04-12 04:00:00+00:00,0.2488,-1.0,0.2394630442701105,0.2514661707069388,5758.418712910135,3.0,0.9570127129554749,3.502,True,2025-04-17 08:00:00+00:00,2025-04-13 12:00:00+00:00,0.2514661707069388,sl,-69.19385144354008,4
SUI,2025-04-13 00:00:00+00:00,2.4114,-1.0,2.212094165111667,2.4683118451531456,5534.541473607105,3.0,0.9517185091972351,3.502,True,2025-04-18 04:00:00+00:00,2025-04-13 16:00:00+00:00,2.212094165111667,tp,451.9036310076772,4
HBAR,2025-04-09 17:00:00+00:00,0.17563,-1.0,0.1609551242962303,0.1798204154695849,3071.1566468854053,2.0,0.9064056873321533,3.502,False,2025-04-14 21:00:00+00:00,2025-04-14 21:00:00+00:00,0.16606,time,164.27479285316193,4
APT,2025-04-15 06:00:00+00:00,4.703,-1.0,4.54209900188744,4.748945331679322,6250.297306878603,3.0,0.9912501573562622,3.502,True,2025-04-20 10:00:00+00:00,2025-04-15 09:00:00+00:00,4.748945331679322,sl,-69.1868329924378,4
HBAR,2025-04-15 17:00:00+00:00,0.16021,-1.0,0.1548642502938515,0.1617364805452096,6185.434650948191,3.0,0.9610219597816467,3.502,True,2025-04-20 21:00:00+00:00,2025-04-16 17:00:00+00:00,0.1548642502938515,tp,200.20483729029732,4
HBAR,2025-04-16 17:00:00+00:00,0.1541,-1.0,0.14693188010841607,0.15614685893685737,6373.126685907844,3.0,0.9910036325454712,3.502,True,2025-04-21 21:00:00+00:00,2025-04-16 18:00:00+00:00,0.15614685893685737,sl,-92.93718223077651,4
ICP,2025-04-16 17:00:00+00:00,4.59,-1.0,4.354957428993852,4.657116481627313,4779.845014430883,3.0,0.9764705896377563,3.502,True,2025-04-21 21:00:00+00:00,2025-04-16 18:00:00+00:00,4.657116481627313,sl,-76.10625605524305,4
POL,2025-04-16 17:00:00+00:00,0.176,-1.0,0.1688357949745502,0.17804574104557563,6373.126685907844,3.0,0.9667420983314514,3.502,True,2025-04-21 21:00:00+00:00,2025-04-16 18:00:00+00:00,0.17804574104557563,sl,-82.36328543040267,4
FIL,2025-04-16 17:00:00+00:00,2.355,-1.0,2.260651726167574,2.3819411798898216,3399.0008991508507,2.0,0.8989617228507996,3.502,False,2025-04-21 21:00:00+00:00,2025-04-16 18:00:00+00:00,2.3819411798898216,sl,-43.30324242991029,4
APT,2025-04-18 12:00:00+00:00,4.784,-1.0,4.660290230161632,4.819325364502836,4877.468874116527,3.0,0.9436834454536438,3.502,False,2025-04-23 16:00:00+00:00,2025-04-19 06:00:00+00:00,4.660290230161632,tp,121.24931871174459,4
ICP,2025-04-19 07:00:00+00:00,4.864,-1.0,4.740250627938007,4.8993366729305095,4657.880496703439,3.0,0.9868191480636597,3.502,True,2025-04-24 11:00:00+00:00,2025-04-19 17:00:00+00:00,4.8993366729305095,sl,-39.89447154978703,4
FIL,2025-04-19 17:00:00+00:00,2.535,-1.0,2.483715253642955,2.549644375790733,4938.485009487995,3.0,0.9234212636947632,3.502,False,2025-04-24 21:00:00+00:00,2025-04-19 18:00:00+00:00,2.549644375790733,sl,-34.9490365540871,4
FIL,2025-04-19 19:00:00+00:00,2.598,-1.0,2.5402557245216477,2.614488896405596,4912.27323207243,3.0,0.9250771403312683,3.502,False,2025-04-24 23:00:00+00:00,2025-04-19 21:00:00+00:00,2.614488896405596,sl,-37.56300079046467,4
DOT,2025-04-19 21:00:00+00:00,3.846,-1.0,3.781991938707047,3.864277522456373,6105.126226849477,3.0,0.983048677444458,3.502,True,2025-04-25 01:00:00+00:00,2025-04-19 22:00:00+00:00,3.864277522456373,sl,-36.950335886436115,4
DOT,2025-04-19 22:00:00+00:00,3.872,-1.0,3.803881329266215,3.891451308302195,6070.485286955944,3.0,0.953070342540741,3.502,True,2025-04-25 02:00:00+00:00,2025-04-20 03:00:00+00:00,3.891451308302195,sl,-38.387209607680816,4
APT,2025-04-20 16:00:00+00:00,5.056,-1.0,4.910954209730647,5.097417871988294,4827.597822358994,3.0,0.9220203757286072,3.502,False,2025-04-25 20:00:00+00:00,2025-04-21 00:00:00+00:00,5.097417871988294,sl,-45.82271827219801,4
TAO,2025-04-20 04:00:00+00:00,307.7,-1.0,264.94283184116273,319.90932309787183,4525.872958461556,3.0,0.957883358001709,3.502,True,2025-04-25 08:00:00+00:00,2025-04-21 04:00:00+00:00,319.90932309787183,sl,-185.46714232009253,4
FIL,2025-04-20 16:00:00+00:00,2.674,-1.0,2.601770719825383,2.6946250941480168,6034.497277948742,3.0,0.9583250284194946,3.502,True,2025-04-25 20:00:00+00:00,2025-04-21 14:00:00+00:00,2.6946250941480168,sl,-54.39012488079638,4
POL,2025-04-21 10:00:00+00:00,0.1978,-1.0,0.19341534992977935,0.19905203823554357,5817.66303364347,3.0,0.96060711145401,3.502,True,2025-04-26 14:00:00+00:00,2025-04-21 14:00:00+00:00,0.19905203823554357,sl,-44.387717048033835,4
HBAR,2025-04-21 00:00:00+00:00,0.1699,1.0,0.17490124148634542,0.1684718938875831,4793.230783654845,3.0,0.9306249618530273,3.502,False,2025-04-26 04:00:00+00:00,2025-04-21 16:00:00+00:00,0.1684718938875831,sl,-46.5210303916901,4
FIL,2025-04-21 14:00:00+00:00,2.71,-1.0,2.6512770079881163,2.72676836922603,5725.058806835193,3.0,0.9763611555099487,3.502,True,2025-04-26 18:00:00+00:00,2025-04-21 16:00:00+00:00,2.6512770079881163,tp,118.33124472871737,4
POL,2025-04-21 14:00:00+00:00,0.2028,-1.0,0.19759322804161297,0.204286795404708,5725.058806835193,3.0,0.9980164766311646,3.502,True,2025-04-26 18:00:00+00:00,2025-04-22 00:00:00+00:00,0.19759322804161297,tp,141.26249373530592,4
APT,2025-04-22 04:00:00+00:00,4.82,-1.0,4.640699131057049,4.871199420703478,5924.814470653004,3.0,0.9757311940193176,3.502,True,2025-04-27 08:00:00+00:00,2025-04-22 07:00:00+00:00,4.871199420703478,sl,-70.63733530002659,4
ICP,2025-04-22 06:00:00+00:00,4.659,-1.0,4.450765279834415,4.718461491211294,4443.610852989753,3.0,0.9610150456428528,3.502,True,2025-04-27 10:00:00+00:00,2025-04-22 07:00:00+00:00,4.718461491211294,sl,-62.489234929119164,4
ATOM,2025-04-21 22:00:00+00:00,4.057,-1.0,3.9442518553371837,4.089195268913978,5792.380882776155,3.0,0.9528473615646362,3.502,True,2025-04-27 02:00:00+00:00,2025-04-22 10:00:00+00:00,4.089195268913978,sl,-53.4968834574841,4
SUI,2025-04-22 08:00:00+00:00,2.3281,-1.0,2.1582926814323034,2.37658853434527,3093.3377659003627,2.0,0.9134257435798645,3.502,False,2025-04-27 12:00:00+00:00,2025-04-22 12:00:00+00:00,2.37658853434527,sl,-68.44787339547754,4
FIL,2025-04-22 05:00:00+00:00,2.525,-1.0,2.4314346993943987,2.551717601633474,5924.814470653004,3.0,0.9713920950889587,3.502,True,2025-04-27 09:00:00+00:00,2025-04-22 13:00:00+00:00,2.551717601633474,sl,-70.39407377388875,4
HBAR,2025-04-22 13:00:00+00:00,0.17524,-1.0,0.1705695647019882,0.17657364429911027,2997.168350586938,2.0,0.8839098811149597,3.502,False,2025-04-27 17:00:00+00:00,2025-04-22 14:00:00+00:00,0.17657364429911027,sl,-26.705931297180324,4
SUI,2025-04-22 12:00:00+00:00,2.3951,-1.0,2.2112578863414627,2.447596174590291,5685.685101513529,3.0,0.9894300699234009,3.502,True,2025-04-27 16:00:00+00:00,2025-04-22 16:00:00+00:00,2.447596174590291,sl,-132.01112164715352,4
SUI,2025-04-22 16:00:00+00:00,2.4634,-1.0,2.275643020207337,2.5170140658720266,5470.893420215196,3.0,0.9937554597854614,3.502,True,2025-04-27 20:00:00+00:00,2025-04-22 20:00:00+00:00,2.5170140658720266,sl,-126.18208115491585,4
ARB,2025-04-22 20:00:00+00:00,0.3223,-1.0,0.2994763304380479,0.328817306172517,5352.597719132462,3.0,0.9897964596748352,3.502,True,2025-04-28 00:00:00+00:00,2025-04-23 00:00:00+00:00,0.328817306172517,sl,-115.19454878138916,4
ATOM,2025-04-22 21:00:00+00:00,4.32,-1.0,4.188656241200087,4.357505252502221,5352.597719132462,3.0,0.9765869975090027,3.502,True,2025-04-28 01:00:00+00:00,2025-04-23 02:00:00+00:00,4.357505252502221,sl,-53.428406895722155,4
ICP,2025-04-22 23:00:00+00:00,5.1,-1.0,4.839232723641796,5.17446217950127,4014.4482893493464,3.0,0.9811216592788696,3.502,True,2025-04-28 03:00:00+00:00,2025-04-23 03:00:00+00:00,5.17446217950127,sl,-63.831443387938194,4
HBAR,2025-04-23 04:00:00+00:00,0.18398,-1.0,0.1779374041219772,0.18570546519335848,2738.491584004788,2.0,0.9106730222702026,3.502,False,2025-04-28 08:00:00+00:00,2025-04-23 07:00:00+00:00,0.18570546519335848,sl,-29.243112819970353,4
DOT,2025-04-23 08:00:00+00:00,4.166,-1.0,4.014886167222753,4.209150603474984,2723.8700275948027,2.0,0.9171340465545654,3.502,False,2025-04-28 12:00:00+00:00,2025-04-23 15:00:00+00:00,4.014886167222753,tp,96.07940406191982,4
AVAX,2025-04-23 00:00:00+00:00,22.46,1.0,24.346965476648524,21.92117640220357,4195.6822637199275,3.0,0.9447360634803772,3.502,False,2025-04-28 04:00:00+00:00,2025-04-24 00:00:00+00:00,21.92117640220357,sl,-106.11033585415562,4
POL,2025-04-24 13:00:00+00:00,0.261,1.0,0.2808092226386754,0.2553434701144192,2718.8545616986844,2.0,0.8765915632247925,3.502,False,2025-04-29 17:00:00+00:00,2025-04-24 15:00:00+00:00,0.2553434701144192,sl,-62.45896335471513,4
ATOM,2025-04-24 14:00:00+00:00,4.534,1.0,4.709973232728944,4.483750786885997,5097.852303185034,3.0,0.9766643047332764,3.502,True,2025-04-29 18:00:00+00:00,2025-04-24 22:00:00+00:00,4.582,time,48.871470712448364,4
HBAR,2025-04-30 12:00:00+00:00,0.18207,-1.0,0.1767790584197293,0.1835808300672653,4687.5,3.0,0.9932914972305298,3.502,True,2025-05-05 16:00:00+00:00,2025-04-30 13:00:00+00:00,0.1767790584197293,tp,131.53092509759418,5
HBAR,2025-04-30 13:00:00+00:00,0.17627,-1.0,0.17045446635775646,0.17793062749901783,4810.810242278994,3.0,0.9632234573364258,3.502,True,2025-05-05 17:00:00+00:00,2025-04-30 14:00:00+00:00,0.17793062749901783,sl,-51.57636443361648,5
APT,2025-04-30 12:00:00+00:00,5.313,-1.0,5.152881975114264,5.358721753422975,4687.5,3.0,0.9941421151161194,3.502,True,2025-05-05 16:00:00+00:00,2025-04-30 19:00:00+00:00,5.358721753422975,sl,-46.432677003612916,5
POL,2025-05-01 12:00:00+00:00,0.2459,-1.0,0.23947961954003408,0.24773334170204594,4718.926765931592,3.0,0.9530786871910095,3.502,True,2025-05-06 16:00:00+00:00,2025-05-01 23:00:00+00:00,0.23947961954003408,tp,118.4909357798082,5
APT,2025-05-03 11:00:00+00:00,5.222,1.0,5.325548209247622,5.1924317755981,2576.006409720086,2.0,0.9009888172149658,3.502,False,2025-05-08 15:00:00+00:00,2025-05-03 16:00:00+00:00,5.1924317755981,sl,-17.934778379234395,5
POL,2025-05-03 10:00:00+00:00,0.2316,1.0,0.23596507573955003,0.2303535512208651,3864.009614580129,3.0,0.9329054355621338,3.502,False,2025-05-08 14:00:00+00:00,2025-05-03 18:00:00+00:00,0.2303535512208651,sl,-25.818938175374477,5
HBAR,2025-05-03 10:00:00+00:00,0.18115,1.0,0.18464989032390827,0.18015060519412862,4830.012018225161,3.0,0.9666082262992859,3.502,True,2025-05-08 14:00:00+00:00,2025-05-04 02:00:00+00:00,0.18464989032390827,tp,88.48774855007119,5
ICP,2025-05-03 16:00:00+00:00,4.721,1.0,4.874535872995952,4.677157782162803,3609.8986226209718,3.0,0.989879846572876,3.502,True,2025-05-08 20:00:00+00:00,2025-05-04 04:00:00+00:00,4.677157782162803,sl,-38.21668981142922,5
HBAR,2025-05-05 01:00:00+00:00,0.17455,1.0,0.1794846887620653,0.17314089803937263,3868.8976212181537,3.0,0.9387720823287964,3.502,False,2025-05-10 05:00:00+00:00,2025-05-05 15:00:00+00:00,0.17314089803937263,sl,-36.262286606954,5
POL,2025-05-05 20:00:00+00:00,0.2225,-1.0,0.21510090300650267,0.22461281452247978,2561.1339375086254,2.0,0.8984451293945312,3.502,False,2025-05-11 00:00:00+00:00,2025-05-05 22:00:00+00:00,0.22461281452247978,sl,-27.64947851059953,5
POL,2025-05-06 16:00:00+00:00,0.2107,-1.0,0.20412302489466905,0.21257805735331536,4776.204746724986,3.0,0.9906274080276489,3.502,True,2025-05-11 20:00:00+00:00,2025-05-06 18:00:00+00:00,0.21257805735331536,sl,-48.781379628391335,5
APT,2025-05-06 11:00:00+00:00,4.741,-1.0,4.594388263276997,4.7828650285009875,4776.204746724986,3.0,0.9883971810340881,3.502,True,2025-05-11 15:00:00+00:00,2025-05-06 21:00:00+00:00,4.594388263276997,tp,142.924211381096,5
DOT,2025-05-08 02:00:00+00:00,4.093,-1.0,3.981622058484127,4.124804006965371,3891.570921194517,3.0,0.9415572881698608,3.502,False,2025-05-13 06:00:00+00:00,2025-05-08 03:00:00+00:00,4.124804006965371,sl,-35.29787647165606,5
POL,2025-05-08 03:00:00+00:00,0.2248,-1.0,0.21724430836113764,0.22695753017374917,4831.371892300968,3.0,0.9503191709518433,3.502,True,2025-05-13 07:00:00+00:00,2025-05-08 05:00:00+00:00,0.22695753017374917,sl,-52.65013683295824,5
HBAR,2025-05-08 03:00:00+00:00,0.18194,-1.0,0.17691918418298394,0.18337369556882555,2576.7316758938496,2.0,0.9013554453849792,3.502,False,2025-05-13 07:00:00+00:00,2025-05-08 05:00:00+00:00,0.18337369556882555,sl,-23.654515308493036,5
ATOM,2025-05-08 03:00:00+00:00,4.279,-1.0,4.175451790752379,4.308568224401899,4831.371892300968,3.0,0.9942230582237244,3.502,True,2025-05-13 07:00:00+00:00,2025-05-08 07:00:00+00:00,4.308568224401899,sl,-39.665940805301595,5
APT,2025-05-08 08:00:00+00:00,5.098,-1.0,4.941992584555096,5.142547967577153,2518.746379420473,2.0,0.9019917249679565,3.502,False,2025-05-13 12:00:00+00:00,2025-05-08 15:00:00+00:00,5.142547967577153,sl,-25.283988191539123,5
POL,2025-05-08 09:00:00+00:00,0.2315,-1.0,0.22478600457997466,0.23341718354817612,4722.649461413388,3.0,0.9852955341339111,3.502,True,2025-05-13 13:00:00+00:00,2025-05-08 15:00:00+00:00,0.23341718354817612,sl,-45.25039830080712,5
APT,2025-05-08 15:00:00+00:00,5.181,-1.0,4.999937441296693,5.232702471780259,3725.2187792614504,3.0,0.9326780438423157,3.502,False,2025-05-13 19:00:00+00:00,2025-05-08 18:00:00+00:00,5.232702471780259,sl,-42.01765775989494,5
POL,2025-05-08 16:00:00+00:00,0.2487,-1.0,0.2382277330912141,0.251690359178642,3725.2187792614504,3.0,0.9349489808082581,3.502,False,2025-05-13 20:00:00+00:00,2025-05-08 18:00:00+00:00,0.251690359178642,sl,-49.63467089882229,5
ATOM,2025-05-08 20:00:00+00:00,4.545,-1.0,4.426771042749408,4.578760316708407,4570.599415959265,3.0,0.9905616641044617,3.502,True,2025-05-14 00:00:00+00:00,2025-05-09 01:00:00+00:00,4.578760316708407,sl,-39.89224873030593,5
HBAR,2025-05-08 20:00:00+00:00,0.19515,-1.0,0.1876902225814237,0.19728014183734666,4570.599415959265,3.0,0.9924722909927368,3.502,True,2025-05-14 00:00:00+00:00,2025-05-09 07:00:00+00:00,0.19728014183734666,sl,-55.83173587762673,5
DOT,2025-05-09 01:00:00+00:00,4.517,-1.0,4.355707515274027,4.563057120807496,2417.7068974797885,2.0,0.8806651830673218,3.502,False,2025-05-14 05:00:00+00:00,2025-05-09 07:00:00+00:00,4.563057120807496,sl,-27.794915945767887,5
HBAR,2025-05-09 07:00:00+00:00,0.19984,-1.0,0.1924017543451614,0.2019639934352971,2375.8935715680914,2.0,0.9131451845169067,3.502,False,2025-05-14 11:00:00+00:00,2025-05-09 10:00:00+00:00,0.2019639934352971,sl,-28.34077507866332,5
APT,2025-05-09 07:00:00+00:00,5.687,-1.0,5.468550469715793,5.7493783335208315,3563.8403573521373,3.0,0.9232024550437927,3.502,False,2025-05-14 11:00:00+00:00,2025-05-09 16:00:00+00:00,5.468550469715793,tp,133.33070018625187,5
DOT,2025-05-10 02:00:00+00:00,5.025,-1.0,4.782669786297627,5.0941974703394175,4553.228501478536,3.0,0.9787277579307556,3.502,True,2025-05-15 06:00:00+00:00,2025-05-10 05:00:00+00:00,5.0941974703394175,sl,-68.62007151553398,5
HBAR,2025-05-10 07:00:00+00:00,0.20823,-1.0,0.20138877143061557,0.21018351501483248,2394.078498364119,2.0,0.8745667338371277,3.502,False,2025-05-15 11:00:00+00:00,2025-05-10 16:00:00+00:00,0.21018351501483248,sl,-25.57241006901304,5
HBAR,2025-05-10 16:00:00+00:00,0.21233,-1.0,0.20410095138606804,0.21467980747420765,3571.9384399944183,3.0,0.9203447103500366,3.502,False,2025-05-15 20:00:00+00:00,2025-05-10 21:00:00+00:00,0.21467980747420765,sl,-44.173344507896836,5
ATOM,2025-05-10 16:00:00+00:00,5.171,-1.0,4.982499195641854,5.224826465215557,2381.292293329612,2.0,0.8820148706436157,3.502,False,2025-05-15 20:00:00+00:00,2025-05-10 21:00:00+00:00,5.224826465215557,sl,-27.883254298671282,5
ICP,2025-05-10 21:00:00+00:00,5.659,-1.0,5.368987795452092,5.741813078136927,3298.0274914588986,3.0,0.9700064659118652,3.502,True,2025-05-16 01:00:00+00:00,2025-05-10 22:00:00+00:00,5.741813078136927,sl,-52.55034585515721,5
POL,2025-05-10 22:00:00+00:00,0.2706,-1.0,0.2596383748244484,0.2737300955888589,4348.104039372655,3.0,0.9866873025894165,3.502,True,2025-05-16 02:00:00+00:00,2025-05-10 23:00:00+00:00,0.2737300955888589,sl,-55.94810536774002,5
ICP,2025-05-10 22:00:00+00:00,5.746,-1.0,5.448676563404666,5.830900802795841,2608.862423623593,3.0,0.9395505785942078,3.502,False,2025-05-16 02:00:00+00:00,2025-05-10 23:00:00+00:00,5.830900802795841,sl,-41.93912194248679,5
DOT,2025-05-10 23:00:00+00:00,5.309,-1.0,5.067844246137865,5.3778621029548965,4256.334763769317,3.0,0.9968938827514648,3.502,True,2025-05-16 03:00:00+00:00,2025-05-11 01:00:00+00:00,5.067844246137865,tp,189.08320538435717,5
POL,2025-05-10 23:00:00+00:00,0.2743,-1.0,0.26296646254170647,0.2775362952606238,4256.334763769317,3.0,0.9984197616577148,3.502,True,2025-05-16 03:00:00+00:00,2025-05-11 06:00:00+00:00,0.26296646254170647,tp,171.60706108098623,5
HBAR,2025-05-12 12:00:00+00:00,0.22303,-1.0,0.21034779115850022,0.22665140880718163,4594.481888580577,3.0,0.9503733515739441,3.502,True,2025-05-17 16:00:00+00:00,2025-05-12 18:00:00+00:00,0.21034779115850022,tp,256.66265315812717,5
APT,2025-05-13 18:00:00+00:00,6.203,-1.0,5.919172205275896,6.2840471179258115,4835.103125916321,3.0,0.9971222281455994,3.502,True,2025-05-18 22:00:00+00:00,2025-05-14 08:00:00+00:00,5.919172205275896,tp,216.40246861234752,5
HBAR,2025-05-15 07:00:00+00:00,0.19776,-1.0,0.19044703006145342,0.1998482209142816,5037.980440240397,3.0,0.9679048657417297,3.502,True,2025-05-20 11:00:00+00:00,2025-05-15 08:00:00+00:00,0.1998482209142816,sl,-59.74727162455565,5
ATOM,2025-05-15 05:00:00+00:00,4.964,-1.0,4.811907450689222,5.007430076295418,5037.980440240397,3.0,0.9925990104675293,3.502,True,2025-05-20 09:00:00+00:00,2025-05-15 13:00:00+00:00,4.811907450689222,tp,149.3212638252716,5
ICP,2025-05-16 22:00:00+00:00,5.257,-1.0,4.970778804661868,5.338730554239712,3841.467043446426,3.0,0.9886628985404968,3.502,True,2025-05-22 02:00:00+00:00,2025-05-18 14:00:00+00:00,5.338730554239712,sl,-64.7171771877653,5
ATOM,2025-05-18 15:00:00+00:00,5.105,-1.0,4.933724606632006,5.153907743575921,5061.2837043150375,3.0,0.9812065958976746,3.502,True,2025-05-23 19:00:00+00:00,2025-05-18 17:00:00+00:00,4.933724606632006,tp,164.74740530715985,5
DOT,2025-05-19 06:00:00+00:00,4.414,1.0,4.702329890778348,4.331667307100193,2781.7250116216,2.0,0.8903188109397888,3.502,False,2025-05-24 10:00:00+00:00,2025-05-20 02:00:00+00:00,4.702329890778348,tp,178.9252230573079,5
DOT,2025-05-21 16:00:00+00:00,4.829,-1.0,4.651460820817405,4.879696369626697,5383.476793406726,3.0,0.9972917437553406,3.502,True,2025-05-26 20:00:00+00:00,2025-05-21 17:00:00+00:00,4.651460820817405,tp,192.54115585309887,5
POL,2025-05-21 16:00:00+00:00,0.242,-1.0,0.23283921324614615,0.24461586559926066,2871.187623150254,2.0,0.8867148756980896,3.502,False,2025-05-26 20:00:00+00:00,2025-05-21 17:00:00+00:00,0.23283921324614615,tp,105.81615760818839,5
ICP,2025-05-22 08:00:00+00:00,5.562,-1.0,5.281465318476533,5.642106768393891,2265.2747099106728,2.0,0.8753989934921265,3.502,False,2025-05-27 12:00:00+00:00,2025-05-22 22:00:00+00:00,5.642106768393891,sl,-35.5705019512463,5
APT,2025-05-23 01:00:00+00:00,5.818,-1.0,5.601703646089561,5.879763493315877,4503.871543357911,3.0,0.9455390572547913,3.502,False,2025-05-28 05:00:00+00:00,2025-05-23 03:00:00+00:00,5.879763493315877,sl,-53.66782777497223,5
ADA,2025-05-23 00:00:00+00:00,0.8381,-1.0,0.7842705906557733,0.8534710051238608,4503.871543357911,3.0,0.9246944785118103,3.502,False,2025-05-28 04:00:00+00:00,2025-05-23 08:00:00+00:00,0.7842705906557733,tp,284.7703737033034,5
HBAR,2025-05-23 02:00:00+00:00,0.20782,-1.0,0.20131740735121745,0.20967681741896238,3002.5810289052743,2.0,0.866545557975769,3.502,False,2025-05-28 06:00:00+00:00,2025-05-23 11:00:00+00:00,0.20131740735121745,tp,90.94680462181844,5
TAO,2025-05-22 04:00:00+00:00,472.2,-1.0,417.5823887420045,487.79607643344366,4247.390081082513,3.0,0.9931967258453369,3.502,True,2025-05-27 08:00:00+00:00,2025-05-23 20:00:00+00:00,417.5823887420045,tp,487.03236491601723,5
POL,2025-05-25 00:00:00+00:00,0.2304,1.0,0.23554804896637513,0.22892997296451803,6388.353537446921,3.0,0.9810815453529358,3.502,True,2025-05-30 04:00:00+00:00,2025-05-25 08:00:00+00:00,0.22892997296451803,sl,-49.06463569357601,5
POL,2025-05-25 08:00:00+00:00,0.2276,1.0,0.23315910991045832,0.22601259437993582,3382.5895687915695,2.0,0.9058818221092224,3.502,False,2025-05-30 12:00:00+00:00,2025-05-25 22:00:00+00:00,0.23315910991045832,tp,79.23686207831815,5
ICP,2025-05-23 23:00:00+00:00,5.225,-1.0,4.875414793584173,5.324824167950301,2555.341414978768,2.0,0.9196054935455322,3.502,False,2025-05-29 03:00:00+00:00,2025-05-26 05:00:00+00:00,5.324824167950301,sl,-52.14200710821916,5
ICP,2025-05-26 06:00:00+00:00,5.363,-1.0,5.165325948347364,5.419445888926197,4775.8176510139965,3.0,0.9853609204292297,3.502,True,2025-05-31 10:00:00+00:00,2025-05-27 01:00:00+00:00,5.165325948347364,tp,171.25536359644298,5
ICP,2025-05-29 00:00:00+00:00,5.539,-1.0,5.229491176658955,5.627380343894031,4896.2315785427445,3.0,0.9516130685806274,3.502,True,2025-06-03 04:00:00+00:00,2025-05-30 00:00:00+00:00,5.229491176658955,tp,268.6959104470989,5
HBAR,2025-05-30 00:00:00+00:00,0.17338,-1.0,0.1662431990374891,0.1754179158066035,3616.11263329839,2.0,0.8893411159515381,3.502,False,2025-06-04 04:00:00+00:00,2025-05-30 01:00:00+00:00,0.1754179158066035,sl,-47.20488628865543,5
ATOM,2025-05-30 00:00:00+00:00,4.434,-1.0,4.240801356280904,4.489167934753639,6780.211187434481,3.0,0.9720545411109924,3.502,True,2025-06-04 04:00:00+00:00,2025-05-30 02:00:00+00:00,4.489167934753639,sl,-93.17382537909063,5
ICP,2025-05-30 16:00:00+00:00,4.905,1.0,5.182556031430072,4.825743786096779,3989.163687147581,3.0,0.9365692138671875,3.502,False,2025-06-04 20:00:00+00:00,2025-05-30 22:00:00+00:00,4.825743786096779,sl,-69.64381503254403,5
HBAR,2025-05-31 00:00:00+00:00,0.16353,-1.0,0.15558673661385924,0.165798201410641,3511.1013699482446,2.0,0.8859878182411194,3.502,False,2025-06-05 04:00:00+00:00,2025-05-31 14:00:00+00:00,0.165798201410641,sl,-53.264273279251825,5
ICP,2025-05-30 22:00:00+00:00,4.816,-1.0,4.540610259546944,4.8946376288190985,4937.486301489718,3.0,0.9730475544929504,3.502,True,2025-06-05 02:00:00+00:00,2025-05-31 20:00:00+00:00,4.8946376288190985,sl,-87.04003930903228,5
AVAX,2025-05-30 20:00:00+00:00,20.56,-1.0,18.555588539327704,21.13236033624849,6648.606145245968,3.0,0.971129298210144,3.502,True,2025-06-05 00:00:00+00:00,2025-06-02 20:00:00+00:00,21.13236033624849,sl,-193.73066118321472,5
ATOM,2025-06-02 21:00:00+00:00,4.423,-1.0,4.318668817525554,4.452791802658247,6270.157280742179,3.0,0.9952126741409302,3.502,True,2025-06-08 01:00:00+00:00,2025-06-02 22:00:00+00:00,4.452791802658247,sl,-50.38482154478417,5
ATOM,2025-06-02 22:00:00+00:00,4.457,-1.0,4.348166721471309,4.4880773776322425,6222.921510543943,3.0,0.9978994131088257,3.502,True,2025-06-08 02:00:00+00:00,2025-06-03 00:00:00+00:00,4.4880773776322425,sl,-51.480437801934585,5
ICP,2025-06-03 00:00:00+00:00,5.2,-1.0,4.966582147226614,5.266652542814222,4630.993950078471,3.0,0.9871217608451843,3.502,True,2025-06-08 04:00:00+00:00,2025-06-03 15:00:00+00:00,5.266652542814222,sl,-65.37943108318011,5
ARB,2025-05-30 12:00:00+00:00,0.3616,-1.0,0.3156003229240245,0.3747352225603901,6648.606145245968,3.0,0.9557984471321106,3.502,True,2025-06-04 16:00:00+00:00,2025-06-04 16:00:00+00:00,0.3617,time,-8.48726934913118,5
HBAR,2025-06-04 20:00:00+00:00,0.16701,-1.0,0.16288373109463164,0.16818825741094903,4884.326854759471,3.0,0.9371681213378906,3.502,False,2025-06-10 00:00:00+00:00,2025-06-05 02:00:00+00:00,0.16818825741094903,sl,-40.80860529630058,5
FIL,2025-06-05 10:00:00+00:00,2.525,-1.0,2.4553153828125645,2.5448984648148887,6067.150500984057,3.0,0.969308614730835,3.502,True,2025-06-10 14:00:00+00:00,2025-06-05 12:00:00+00:00,2.5448984648148887,sl,-55.699961302949006,5
FIL,2025-06-05 20:00:00+00:00,2.326,-1.0,2.2048348931488135,2.3605987351697086,6014.931787262541,3.0,0.9584852457046509,3.502,True,2025-06-11 00:00:00+00:00,2025-06-05 21:00:00+00:00,2.3605987351697086,sl,-97.29019033090412,5
POL,2025-06-05 20:00:00+00:00,0.1955,-1.0,0.1864370848994993,0.1980879183172173,4811.945429810033,3.0,0.9436839818954468,3.502,False,2025-06-11 00:00:00+00:00,2025-06-05 21:00:00+00:00,0.1980879183172173,sl,-69.95333836440763,5
ADA,2025-06-05 16:00:00+00:00,0.6421,-1.0,0.6006415676396102,0.6539384686735772,6014.931787262541,3.0,0.9876359105110168,3.502,True,2025-06-10 20:00:00+00:00,2025-06-06 12:00:00+00:00,0.6539384686735772,sl,-118.71737353682117,5
TAO,2025-06-05 16:00:00+00:00,359.0,-1.0,319.57350421832354,370.25824853103325,2405.9727149050163,2.0,0.9144098162651062,3.502,False,2025-06-10 20:00:00+00:00,2025-06-06 12:00:00+00:00,370.25824853103325,sl,-78.57912604270653,5
ICP,2025-06-08 11:00:00+00:00,5.391,1.0,5.657453790172868,5.314914034652907,4254.881633066158,3.0,0.9527592658996582,3.502,True,2025-06-13 15:00:00+00:00,2025-06-08 16:00:00+00:00,5.657453790172868,tp,206.04549637980705,5
ICP,2025-06-09 06:00:00+00:00,5.746,-1.0,5.448947349776792,5.830823479660326,4399.757372708212,3.0,0.994290828704834,3.502,True,2025-06-14 10:00:00+00:00,2025-06-09 08:00:00+00:00,5.830823479660326,sl,-70.66968980802979,5
ICP,2025-06-09 08:00:00+00:00,5.881,-1.0,5.512730533907417,5.98615946430086,2320.0361317663683,2.0,0.9006991982460022,3.502,False,2025-06-14 12:00:00+00:00,2025-06-09 14:00:00+00:00,5.98615946430086,sl,-44.50112719152917,5
HBAR,2025-06-09 17:00:00+00:00,0.17431,-1.0,0.1700447533468702,0.17552794255145063,5758.370522673861,3.0,0.9953743815422058,3.502,True,2025-06-14 21:00:00+00:00,2025-06-09 19:00:00+00:00,0.17552794255145063,sl,-47.72089106840108,5
APT,2025-06-09 16:00:00+00:00,4.831,-1.0,4.707094486854926,4.866381259066924,5758.370522673861,3.0,0.9974803328514099,3.502,True,2025-06-14 20:00:00+00:00,2025-06-09 21:00:00+00:00,4.866381259066924,sl,-49.65901338431146,5
POL,2025-06-09 21:00:00+00:00,0.2169,-1.0,0.21194769434033117,0.2183141324713952,5667.076862249443,3.0,0.997809112071991,3.502,True,2025-06-15 01:00:00+00:00,2025-06-09 22:00:00+00:00,0.2183141324713952,sl,-44.31509023350739,5
HBAR,2025-06-09 21:00:00+00:00,0.178,-1.0,0.17336675593026238,0.17932302433193376,5667.076862249443,3.0,0.9939326643943787,3.502,True,2025-06-15 01:00:00+00:00,2025-06-10 02:00:00+00:00,0.17932302433193376,sl,-49.489000930445975,5
POL,2025-06-09 22:00:00+00:00,0.2188,-1.0,0.21376939701764863,0.22023649029702988,5625.531465155531,3.0,0.9990092515945435,3.502,True,2025-06-15 02:00:00+00:00,2025-06-10 11:00:00+00:00,0.22023649029702988,sl,-44.246560947354084,5
APT,2025-06-10 11:00:00+00:00,5.071,-1.0,4.945137053787862,5.106940204707791,5537.654375895094,3.0,0.9790376424789429,3.502,True,2025-06-15 15:00:00+00:00,2025-06-10 12:00:00+00:00,5.106940204707791,sl,-46.44652155647385,5
POL,2025-06-10 12:00:00+00:00,0.2246,-1.0,0.2185711061534466,0.2263215525738724,5494.110761935898,3.0,0.9711832404136658,3.502,True,2025-06-15 16:00:00+00:00,2025-06-10 15:00:00+00:00,0.2185711061534466,tp,141.98322924215182,5
ATOM,2025-06-10 12:00:00+00:00,4.57,-1.0,4.460383748244484,4.60130095588859,4395.288609548719,3.0,0.9400461316108704,3.502,False,2025-06-15 16:00:00+00:00,2025-06-10 15:00:00+00:00,4.460383748244484,tp,101.0303268745747,5
ARB,2025-06-10 08:00:00+00:00,0.3918,-1.0,0.36607932949879496,0.3991445457210011,4463.30842142659,3.0,0.9418148398399353,3.502,False,2025-06-15 12:00:00+00:00,2025-06-10 16:00:00+00:00,0.3991445457210011,sl,-89.46991903896472,5
AVAX,2025-06-09 20:00:00+00:00,21.95,-1.0,20.611115782129055,22.33231881835348,5713.632187297236,3.0,0.9929195046424866,3.502,True,2025-06-15 00:00:00+00:00,2025-06-10 20:00:00+00:00,22.33231881835348,sl,-106.9461321557371,5
ARB,2025-06-10 20:00:00+00:00,0.4143,-1.0,0.38282447628163035,0.42328784590515206,5537.7959228002965,3.0,0.9907434582710266,3.502,True,2025-06-16 00:00:00+00:00,2025-06-12 08:00:00+00:00,0.38282447628163035,tp,415.1839682953784,5
HBAR,2025-06-11 21:00:00+00:00,0.17264,-1.0,0.1667324670036045,0.1743268979441386,2953.4911588268246,2.0,0.8881149291992188,3.502,False,2025-06-17 01:00:00+00:00,2025-06-12 11:00:00+00:00,0.1667324670036045,tp,98.11142123303956,5
DOT,2025-06-12 07:00:00+00:00,4.059,-1.0,3.926090294746437,4.096952409014914,5537.7959228002965,3.0,0.9850893616676331,3.502,True,2025-06-17 11:00:00+00:00,2025-06-12 20:00:00+00:00,3.926090294746437,tp,175.79426218357364,5
POL,2025-06-12 19:00:00+00:00,0.2129,-1.0,0.20465920678766567,0.21525316114805287,4815.2082803865505,3.0,0.9264492392539978,3.502,False,2025-06-17 23:00:00+00:00,2025-06-13 00:00:00+00:00,0.20465920678766567,tp,181.56870770357585,5
APT,2025-06-12 20:00:00+00:00,4.708,-1.0,4.536333120018594,4.757019532704095,6183.817471280288,3.0,0.9549497365951538,3.502,True,2025-06-18 00:00:00+00:00,2025-06-13 00:00:00+00:00,4.536333120018594,tp,219.29550531317065,5
POL,2025-06-13 00:00:00+00:00,0.1986,-1.0,0.18785369246182532,0.2016686115683635,6559.627670983487,3.0,0.9984076619148254,3.502,True,2025-06-18 04:00:00+00:00,2025-06-13 08:00:00+00:00,0.2016686115683635,sl,-109.8817423334931,5
HBAR,2025-06-13 00:00:00+00:00,0.15426,-1.0,0.14708405037614783,0.15630909471942087,6559.627670983487,3.0,0.9901584982872009,3.502,True,2025-06-18 04:00:00+00:00,2025-06-13 16:00:00+00:00,0.15630909471942087,sl,-95.66156512292811,5
APT,2025-06-13 00:00:00+00:00,4.469,-1.0,4.254661079156625,4.53020454767501,6559.627670983487,3.0,0.9933793544769287,3.502,True,2025-06-18 04:00:00+00:00,2025-06-14 05:00:00+00:00,4.53020454767501,sl,-98.36395466527911,5
FIL,2025-06-16 05:00:00+00:00,2.478,-1.0,2.41751531822776,2.495271420302811,6274.714612744393,3.0,0.9659613370895386,3.502,True,2025-06-21 09:00:00+00:00,2025-06-16 09:00:00+00:00,2.495271420302811,sl,-51.891282893620655,5
SUI,2025-06-14 16:00:00+00:00,2.8737,1.0,3.1556095103183823,2.7932006488022387,6274.714612744393,3.0,0.9593749046325684,3.502,True,2025-06-19 20:00:00+00:00,2025-06-16 12:00:00+00:00,3.1556095103183823,tp,609.2737851841622,5
DOT,2025-06-16 13:00:00+00:00,3.94,-1.0,3.8587665277168943,3.9631962440960082,6797.260708641777,3.0,0.973162829875946,3.502,True,2025-06-21 17:00:00+00:00,2025-06-16 17:00:00+00:00,3.9631962440960082,sl,-48.85443856130054,5
HBAR,2025-06-16 13:00:00+00:00,0.16179,-1.0,0.1575873912050162,0.16299005629094288,6797.260708641777,3.0,0.9874129295349121,3.502,True,2025-06-21 17:00:00+00:00,2025-06-16 22:00:00+00:00,0.1575873912050162,tp,169.76635654789902,5
FIL,2025-06-17 16:00:00+00:00,2.344,-1.0,2.27823024894669,2.3627805735331533,6910.615631754212,3.0,0.9845526218414307,3.502,True,2025-06-22 20:00:00+00:00,2025-06-17 17:00:00+00:00,2.3627805735331533,sl,-64.35296629035878,5
POL,2025-06-17 16:00:00+00:00,0.1938,-1.0,0.1884562077269186,0.1953259215995687,6910.615631754212,3.0,0.9586024284362793,3.502,True,2025-06-22 20:00:00+00:00,2025-06-17 18:00:00+00:00,0.1953259215995687,sl,-63.395862544247166,5
TAO,2025-06-17 12:00:00+00:00,343.9,-1.0,295.13137437994556,357.82589670631234,5182.961723815659,3.0,0.9911062121391296,3.502,True,2025-06-22 16:00:00+00:00,2025-06-18 00:00:00+00:00,357.82589670631234,sl,-216.61685459870247,5
POL,2025-06-18 10:00:00+00:00,0.1894,-1.0,0.18411493071893048,0.19090915323034272,6587.772803535486,3.0,0.9953977465629578,3.502,True,2025-06-23 14:00:00+00:00,2025-06-18 11:00:00+00:00,0.19090915323034272,sl,-61.055966351139844,5
APT,2025-06-18 10:00:00+00:00,4.339,-1.0,4.205698808133024,4.3770641981430884,6587.772803535486,3.0,0.9939296245574951,3.502,True,2025-06-23 14:00:00+00:00,2025-06-18 11:00:00+00:00,4.3770641981430884,sl,-66.35582838633877,5
POL,2025-06-18 18:00:00+00:00,0.1823,-1.0,0.1749400516678439,0.1844016356096624,6468.324245969101,3.0,0.9598464965820312,3.502,True,2025-06-23 22:00:00+00:00,2025-06-18 20:00:00+00:00,0.1844016356096624,sl,-82.97854488877519,5
DOT,2025-06-19 16:00:00+00:00,3.502,-1.0,3.421549500943719,3.5249726658396607,5112.425488108699,3.0,0.9335390329360962,3.502,False,2025-06-24 20:00:00+00:00,2025-06-19 17:00:00+00:00,3.5249726658396607,sl,-40.18300132657064,5
DOT,2025-06-20 04:00:00+00:00,3.474,-1.0,3.386111255288881,3.4990966592749584,3388.192158075847,2.0,0.9112178087234497,3.502,False,2025-06-25 08:00:00+00:00,2025-06-20 07:00:00+00:00,3.4990966592749584,sl,-28.88142129349941,5
APT,2025-06-21 09:00:00+00:00,4.648,-1.0,4.4804437294594255,4.6958457468582715,3373.7514474290974,2.0,0.911135733127594,3.502,False,2025-06-26 13:00:00+00:00,2025-06-21 13:00:00+00:00,4.4804437294594255,tp,118.24699086369044,5
ARB,2025-06-17 12:00:00+00:00,0.3056,-1.0,0.276982328559542,0.31377178526948524,5528.492505403369,3.0,0.9276372790336609,3.502,False,2025-06-22 16:00:00+00:00,2025-06-21 16:00:00+00:00,0.276982328559542,tp,512.1828362925936,5
ADA,2025-06-18 12:00:00+00:00,0.5947,-1.0,0.5523411484287613,0.6067955836683763,6468.324245969101,3.0,0.9954078793525696,3.502,True,2025-06-23 16:00:00+00:00,2025-06-21 20:00:00+00:00,0.5523411484287613,tp,454.25268912152706,5
ICP,2025-06-21 17:00:00+00:00,4.795,1.0,4.989424615187113,4.739481988699987,5187.60894516643,3.0,0.9884998202323914,3.502,True,2025-06-26 21:00:00+00:00,2025-06-21 21:00:00+00:00,4.739481988699987,sl,-66.80765222054048,5
ARB,2025-06-21 16:00:00+00:00,0.2774,1.0,0.29932325035110324,0.2711398088222821,5533.4495415108595,3.0,0.9417833089828491,3.502,False,2025-06-26 20:00:00+00:00,2025-06-22 00:00:00+00:00,0.2711398088222821,sl,-132.068942234221,5
TAO,2025-06-21 16:00:00+00:00,313.3,1.0,353.3493044375684,301.86390825728154,5187.60894516643,3.0,0.9842261672019958,3.502,True,2025-06-26 20:00:00+00:00,2025-06-22 12:00:00+00:00,301.86390825728154,sl,-196.1022440777119,5
ADA,2025-06-21 20:00:00+00:00,0.5561,1.0,0.5924886807166972,0.5457092005362701,5874.139058352004,3.0,0.9447261691093445,3.502,False,2025-06-27 00:00:00+00:00,2025-06-22 12:00:00+00:00,0.5457092005362701,sl,-117.39541867803136,5
DOT,2025-06-21 21:00:00+00:00,3.274,1.0,3.391445984023767,3.2404632615479403,5824.033319186599,3.0,0.9486154317855835,3.502,False,2025-06-27 01:00:00+00:00,2025-06-22 13:00:00+00:00,3.2404632615479403,sl,-67.22887378581684,5
HBAR,2025-06-22 13:00:00+00:00,0.12948,1.0,0.13600020954638617,0.1276181520702698,6799.295887630955,3.0,0.9798867702484131,3.502,True,2025-06-27 17:00:00+00:00,2025-06-23 02:00:00+00:00,0.13600020954638617,tp,335.59206922849114,5
APT,2025-06-22 13:00:00+00:00,3.855,1.0,4.072470813750676,3.792901139299602,3626.2911400698426,2.0,0.9173952341079712,3.502,False,2025-06-27 17:00:00+00:00,2025-06-23 12:00:00+00:00,4.072470813750676,tp,200.9424468956901,5
TRX,2025-06-22 16:00:00+00:00,0.262,1.0,0.271258658407207,0.25935618711869596,6799.295887630955,3.0,0.9644012451171875,3.502,True,2025-06-27 20:00:00+00:00,2025-06-23 12:00:00+00:00,0.271258658407207,tp,233.47687981123195,5
ATOM,2025-06-23 18:00:00+00:00,3.915,-1.0,3.7775881986921926,3.95423798398891,6016.9452570563235,3.0,0.9499437212944031,3.502,False,2025-06-28 22:00:00+00:00,2025-06-23 20:00:00+00:00,3.95423798398891,sl,-68.12670358730814,5
HBAR,2025-06-23 20:00:00+00:00,0.14567,-1.0,0.1383687746598558,0.14775486724043638,7457.3127867073035,3.0,0.9970701932907104,3.502,True,2025-06-29 00:00:00+00:00,2025-06-23 22:00:00+00:00,0.14775486724043638,sl,-116.42552282848193,5
ATOM,2025-06-23 20:00:00+00:00,3.994,-1.0,3.8442563703696973,4.036759341526377,5965.850229365843,3.0,0.9460866451263428,3.502,False,2025-06-29 00:00:00+00:00,2025-06-23 22:00:00+00:00,4.036759341526377,sl,-71.62536680360049,5
POL,2025-06-23 20:00:00+00:00,0.1769,-1.0,0.16940303135314952,0.17904076180452316,3977.233486243895,2.0,0.9102159142494202,3.502,False,2025-06-29 00:00:00+00:00,2025-06-23 22:00:00+00:00,0.17904076180452316,sl,-53.30103968260562,5
HBAR,2025-06-23 22:00:00+00:00,0.15169,-1.0,0.1432319317172217,0.15410520411418918,7231.045352974783,3.0,0.9931408762931824,3.502,True,2025-06-29 02:00:00+00:00,2025-06-24 05:00:00+00:00,0.15410520411418918,sl,-124.53286925218465,5
POL,2025-06-23 22:00:00+00:00,0.1816,-1.0,0.17292857151291186,0.18407612918904379,5784.836282379827,3.0,0.9456749558448792,3.502,False,2025-06-29 02:00:00+00:00,2025-06-24 05:00:00+00:00,0.18407612918904379,sl,-86.39695001202858,5
APT,2025-06-23 22:00:00+00:00,4.326,-1.0,4.1079419563292054,4.388266544392658,7231.045352974783,3.0,0.998246431350708,3.502,True,2025-06-29 02:00:00+00:00,2025-06-24 06:00:00+00:00,4.388266544392658,sl,-113.48085051603996,5
ATOM,2025-06-24 16:00:00+00:00,4.135,-1.0,4.0291028710719035,4.1652389591709404,6926.910350055797,3.0,0.9984989166259766,3.502,True,2025-06-29 20:00:00+00:00,2025-06-25 06:00:00+00:00,4.0291028710719035,tp,170.47089337744688,5
POL,2025-06-24 05:00:00+00:00,0.1842,-1.0,0.17609622710236006,0.18651403495319213,7033.298647414584,3.0,0.9586852192878723,3.502,True,2025-06-29 09:00:00+00:00,2025-06-26 10:00:00+00:00,0.17609622710236006,tp,302.39262404490887,5
HBAR,2025-06-26 09:00:00+00:00,0.14705,-1.0,0.14272798778792536,0.1482841519750358,7086.726812597153,3.0,0.9762328863143921,3.502,True,2025-07-01 13:00:00+00:00,2025-06-26 16:00:00+00:00,0.14272798778792536,tp,201.20242536476812,5
POL,2025-06-26 12:00:00+00:00,0.1735,-1.0,0.16854769434033112,0.17491413247139517,7370.219897639256,3.0,0.9835192561149597,3.502,True,2025-07-01 16:00:00+00:00,2025-06-26 20:00:00+00:00,0.17491413247139517,sl,-69.65314338032914,5
ICP,2025-06-26 12:00:00+00:00,4.731,-1.0,4.544698975976693,4.784198317234552,4422.131938583554,3.0,0.9333793520927429,3.502,False,2025-07-01 16:00:00+00:00,2025-06-27 16:00:00+00:00,4.784198317234552,sl,-55.47398346727646,5
ICP,2025-06-29 21:00:00+00:00,4.973,-1.0,4.828129290912109,5.014367877500706,5581.155367499321,3.0,0.9889791011810303,3.502,True,2025-07-05 01:00:00+00:00,2025-06-29 22:00:00+00:00,5.014367877500706,sl,-53.682317090381304,5
APT,2025-06-29 22:00:00+00:00,5.005,-1.0,4.859171236503823,5.046641450244641,7391.2133177268615,3.0,0.9953762292861938,3.502,True,2025-07-05 02:00:00+00:00,2025-06-30 06:00:00+00:00,4.859171236503823,tp,207.96373150956308,5
HBAR,2025-06-29 22:00:00+00:00,0.15306,-1.0,0.14966189619557901,0.15403032963254626,5912.970654181489,3.0,0.9390301704406738,3.502,False,2025-07-05 02:00:00+00:00,2025-06-30 06:00:00+00:00,0.14966189619557901,tp,125.36161496847484,5
OP,2025-06-29 20:00:00+00:00,0.607,-1.0,0.5680470819654505,0.6181230182532665,7441.540489999095,3.0,0.9941391944885254,3.502,True,2025-07-05 00:00:00+00:00,2025-06-30 12:00:00+00:00,0.5680470819654505,tp,470.10329766109794,5
LTC,2025-06-29 20:00:00+00:00,87.96,-1.0,85.23916803678271,88.73693444080605,3968.821594666184,2.0,0.8666296005249023,3.502,False,2025-07-05 00:00:00+00:00,2025-06-30 12:00:00+00:00,85.23916803678271,tp,118.79717034570132,5
POL,2025-06-30 16:00:00+00:00,0.1892,-1.0,0.18350386977484728,0.19082653181492493,8255.800018806398,3.0,0.9556881189346313,3.502,True,2025-07-05 20:00:00+00:00,2025-06-30 19:00:00+00:00,0.19082653181492493,sl,-81.70675455006332,5
FIL,2025-07-01 11:00:00+00:00,2.23,-1.0,2.1773450504960112,2.24503563773934,8179.199936415714,3.0,0.975407600402832,3.502,True,2025-07-06 15:00:00+00:00,2025-07-01 14:00:00+00:00,2.24503563773934,sl,-65.78071204360974,5
UNI,2025-07-01 20:00:00+00:00,6.59,-1.0,6.082241862403913,6.734990499241072,6494.024415099862,3.0,0.9491082429885864,3.502,False,2025-07-07 00:00:00+00:00,2025-07-02 04:00:00+00:00,6.734990499241072,sl,-151.32111520382443,5
APT,2025-07-01 23:00:00+00:00,4.49,-1.0,4.328707515274027,4.536057120807496,8117.530518874829,3.0,0.9948328733444214,3.502,True,2025-07-07 03:00:00+00:00,2025-07-02 06:00:00+00:00,4.536057120807496,sl,-93.820068909805,5
HBAR,2025-07-02 16:00:00+00:00,0.15448,-1.0,0.15046921964558838,0.15562527961813785,7887.710658768302,3.0,0.9689990282058716,3.502,True,2025-07-07 20:00:00+00:00,2025-07-02 19:00:00+00:00,0.15562527961813785,sl,-68.73171838809205,5
ADA,2025-07-02 16:00:00+00:00,0.5956,-1.0,0.5552181558264947,0.6071310485711,7887.710658768302,3.0,0.9883198738098145,3.502,True,2025-07-07 20:00:00+00:00,2025-07-03 04:00:00+00:00,0.6071310485711,sl,-162.96318221946188,5
HBAR,2025-07-02 19:00:00+00:00,0.15645,-1.0,0.15191854244974967,0.15774395915860864,4172.413158815715,2.0,0.872429609298706,3.502,False,2025-07-07 23:00:00+00:00,2025-07-03 05:00:00+00:00,0.15774395915860864,sl,-39.9331318034805,5
ICP,2025-07-02 16:00:00+00:00,5.052,-1.0,4.855679880207998,5.108059273248619,4732.626395260981,3.0,0.9307047128677368,3.502,False,2025-07-07 20:00:00+00:00,2025-07-03 09:00:00+00:00,5.108059273248619,sl,-58.66777382998435,5
NEAR,2025-07-03 04:00:00+00:00,2.335,-1.0,2.1739032585807325,2.381001226243409,6136.397351558977,3.0,0.9473693370819092,3.502,False,2025-07-08 08:00:00+00:00,2025-07-04 04:00:00+00:00,2.1739032585807325,tp,417.2270362201644,5
LTC,2025-07-03 04:00:00+00:00,91.04,-1.0,87.0213899133201,92.18751540070133,7670.496689448721,3.0,0.9568877220153809,3.502,True,2025-07-08 08:00:00+00:00,2025-07-04 08:00:00+00:00,87.0213899133201,tp,330.9140306179261,5
FIL,2025-07-04 15:00:00+00:00,2.262,-1.0,2.197404708786928,2.280445206148633,4415.701648308297,2.0,0.9000207185745239,3.502,False,2025-07-09 19:00:00+00:00,2025-07-06 13:00:00+00:00,2.280445206148633,sl,-41.747718594571566,5
POL,2025-07-08 22:00:00+00:00,0.1942,-1.0,0.1895413093003906,0.19553029062526506,4394.827789011011,2.0,0.9066761136054993,3.502,False,2025-07-14 02:00:00+00:00,2025-07-09 03:00:00+00:00,0.19553029062526506,sl,-35.81831323887424,5
POL,2025-07-09 04:00:00+00:00,0.1977,-1.0,0.19229748473490668,0.19924268996879474,8206.722435734202,3.0,0.9864228367805481,3.502,True,2025-07-14 08:00:00+00:00,2025-07-09 06:00:00+00:00,0.19924268996879474,sl,-74.70732479260516,5
POL,2025-07-09 06:00:00+00:00,0.2005,-1.0,0.19419706552405783,0.2022998049635939,8136.684318741132,3.0,0.9889751672744751,3.502,True,2025-07-14 10:00:00+00:00,2025-07-09 09:00:00+00:00,0.2022998049635939,sl,-83.61731467205344,5
HBAR,2025-07-09 10:00:00+00:00,0.16642,-1.0,0.16264606904670298,0.16749764719559287,8058.293086236083,3.0,0.9796420335769653,3.502,True,2025-07-14 14:00:00+00:00,2025-07-09 11:00:00+00:00,0.16749764719559287,sl,-62.65699087659235,5
HBAR,2025-07-09 11:00:00+00:00,0.16886,-1.0,0.16486683654319192,0.17000024910737005,7999.552157289278,3.0,0.982756495475769,3.502,True,2025-07-14 15:00:00+00:00,2025-07-09 17:00:00+00:00,0.17000024910737005,sl,-64.41743395222669,5
POL,2025-07-09 09:00:00+00:00,0.2052,-1.0,0.19770303135314954,0.20734076180452315,8058.293086236083,3.0,0.9624137282371521,3.502,True,2025-07-14 13:00:00+00:00,2025-07-09 22:00:00+00:00,0.20734076180452315,sl,-94.5444264734484,5
DOT,2025-07-09 19:00:00+00:00,3.624,-1.0,3.5269113198736863,3.6517237037870363,7939.160812959064,3.0,0.979437530040741,3.502,True,2025-07-14 23:00:00+00:00,2025-07-10 06:00:00+00:00,3.6517237037870363,sl,-71.05571664407697,5
HBAR,2025-07-10 02:00:00+00:00,0.17466,-1.0,0.16859782979130658,0.17639105464976718,7850.525413140207,3.0,0.9876091480255127,3.502,True,2025-07-15 06:00:00+00:00,2025-07-10 06:00:00+00:00,0.17639105464976718,sl,-88.01221297829181,5
HBAR,2025-07-10 08:00:00+00:00,0.17942,-1.0,0.1733128088307641,0.1811639103995071,7701.399229119235,3.0,0.9675917029380798,3.502,True,2025-07-15 12:00:00+00:00,2025-07-10 17:00:00+00:00,0.1811639103995071,sl,-84.86718744293957,5
SUI,2025-07-10 16:00:00+00:00,3.4139,-1.0,3.19940448451126,3.4751492633262786,7701.399229119235,3.0,0.9883982539176941,3.502,True,2025-07-15 20:00:00+00:00,2025-07-10 20:00:00+00:00,3.4751492633262786,sl,-148.1837131263074,5
ARB,2025-07-10 16:00:00+00:00,0.3736,-1.0,0.3491516609923858,0.38058123105443714,4107.412922196925,2.0,0.9071255326271057,3.502,False,2025-07-15 20:00:00+00:00,2025-07-10 20:00:00+00:00,0.38058123105443714,sl,-82.0923098337533,5
UNI,2025-07-09 16:00:00+00:00,8.414,-1.0,7.853978399513337,8.57391434785224,7999.552157289278,3.0,0.9981228709220886,3.502,True,2025-07-14 20:00:00+00:00,2025-07-10 20:00:00+00:00,8.466,time,-57.438191589074314,5
ATOM,2025-07-10 17:00:00+00:00,4.435,-1.0,4.331843277365791,4.464456435273726,7621.836240891478,3.0,0.9911796450614929,3.502,True,2025-07-15 21:00:00+00:00,2025-07-10 20:00:00+00:00,4.458,time,-47.14883365701513,5
ARB,2025-07-10 20:00:00+00:00,0.3963,-1.0,0.36809338950362525,0.404354406684903,7405.952469366422,3.0,0.9980641007423401,3.502,True,2025-07-16 00:00:00+00:00,2025-07-10 20:00:00+00:00,0.3963,time,-7.405952469366421,5
HBAR,2025-07-17 08:00:00+00:00,0.24998,-1.0,0.23486665928920825,0.25429561929313926,2500.0,2.0,0.8991372585296631,3.502,False,2025-07-22 12:00:00+00:00,2025-07-17 18:00:00+00:00,0.25429561929313926,sl,-46.409645703048795,6
HBAR,2025-07-18 00:00:00+00:00,0.29887,-1.0,0.2724544407599877,0.30641297142350915,4643.990957153392,3.0,0.9568261504173279,3.502,True,2025-07-23 04:00:00+00:00,2025-07-18 07:00:00+00:00,0.2724544407599877,tp,405.8141287563238,6
POL,2025-07-21 10:00:00+00:00,0.2597,-1.0,0.24936475340590847,0.2626512329837813,2679.7022415266374,2.0,0.876563549041748,3.502,False,2025-07-26 14:00:00+00:00,2025-07-21 14:00:00+00:00,0.2626512329837813,sl,-33.93577171993807,6
POL,2025-07-21 14:00:00+00:00,0.2629,-1.0,0.2536609159234636,0.2655382234248954,2662.7343556666683,2.0,0.8873006701469421,3.502,False,2025-07-26 18:00:00+00:00,2025-07-21 16:00:00+00:00,0.2536609159234636,tp,90.91363150772746,6
DOT,2025-07-22 04:00:00+00:00,4.311,-1.0,4.068474042990921,4.380253364903504,5077.858446413498,3.0,0.9707231521606445,3.502,True,2025-07-27 08:00:00+00:00,2025-07-22 05:00:00+00:00,4.380253364903504,sl,-88.17365483856351,6
HBAR,2025-07-23 12:00:00+00:00,0.25605,-1.0,0.24602598526357145,0.25891236062688333,4995.1956450023445,3.0,0.979159951210022,3.502,True,2025-07-28 16:00:00+00:00,2025-07-23 13:00:00+00:00,0.24602598526357145,tp,190.56002699451042,6
FIL,2025-07-23 13:00:00+00:00,2.68,-1.0,2.5529625939476253,2.7162755720923117,5173.845670309698,3.0,0.9992907047271729,3.502,True,2025-07-28 17:00:00+00:00,2025-07-24 05:00:00+00:00,2.5529625939476253,tp,240.07687569963613,6
APT,2025-07-24 05:00:00+00:00,4.54,-1.0,4.257346665116134,4.620711750541291,5398.917741278107,3.0,0.9509166479110718,3.502,True,2025-07-29 09:00:00+00:00,2025-07-24 07:00:00+00:00,4.620711750541291,sl,-103.00011331189734,6
POL,2025-07-26 18:00:00+00:00,0.2397,1.0,0.24557229920118834,0.238023163077397,2827.922738692375,2.0,0.8673262000083923,3.502,False,2025-07-31 22:00:00+00:00,2025-07-26 20:00:00+00:00,0.238023163077397,sl,-23.45921680063382,6
HBAR,2025-07-27 05:00:00+00:00,0.30227,-1.0,0.28326136748575326,0.3076979211184659,5280.362119297609,3.0,0.9566137194633484,3.502,True,2025-08-01 09:00:00+00:00,2025-07-27 09:00:00+00:00,0.28326136748575326,tp,326.78191024606207,6
ICP,2025-07-28 05:00:00+00:00,5.927,-1.0,5.68247990596941,5.99682279137035,3352.0320960919753,3.0,0.9216034412384033,3.502,False,2025-08-02 09:00:00+00:00,2025-07-28 14:00:00+00:00,5.68247990596941,tp,134.93701857540503,6
POL,2025-07-28 14:00:00+00:00,0.2317,-1.0,0.22316559182760623,0.23413700299418302,5713.223615067734,3.0,0.9975820779800415,3.502,True,2025-08-02 18:00:00+00:00,2025-07-29 14:00:00+00:00,0.22316559182760623,tp,204.72692446929605,6
HBAR,2025-07-29 15:00:00+00:00,0.26152,-1.0,0.24878494046568947,0.265156500339485,3149.4160569374394,2.0,0.9064685702323914,3.502,False,2025-08-03 19:00:00+00:00,2025-07-30 19:00:00+00:00,0.24878494046568947,tp,150.21553111120167,6
NEAR,2025-08-02 16:00:00+00:00,2.331,-1.0,2.098456951632941,2.3974027421350788,4836.785733739561,3.0,0.9290201663970947,3.502,False,2025-08-07 20:00:00+00:00,2025-08-03 04:00:00+00:00,2.3974027421350788,sl,-144.0723928138511,6
UNI,2025-08-02 16:00:00+00:00,8.762,-1.0,7.956320549596957,8.992062025781133,3224.5238224930404,2.0,0.9149863123893738,3.502,False,2025-08-07 20:00:00+00:00,2025-08-03 04:00:00+00:00,8.992062025781133,sl,-88.85753752964594,6
TAO,2025-08-02 16:00:00+00:00,330.7,-1.0,286.4535067944648,343.3346003432062,3627.5893003046704,3.0,0.9236893653869629,3.502,False,2025-08-07 20:00:00+00:00,2025-08-03 08:00:00+00:00,343.3346003432062,sl,-143.31018425985658,6
ICP,2025-08-01 22:00:00+00:00,4.963,-1.0,4.578754137951931,5.072721529296265,2418.3928668697804,2.0,0.909593939781189,3.502,False,2025-08-07 02:00:00+00:00,2025-08-03 13:00:00+00:00,5.072721529296265,sl,-56.60950891192586,6
ICP,2025-08-04 00:00:00+00:00,5.198,-1.0,5.051504572679349,5.2398318163137985,4230.139233846657,3.0,0.972339928150177,3.502,True,2025-08-09 04:00:00+00:00,2025-08-04 16:00:00+00:00,5.2398318163137985,sl,-39.541968116748606,6
LTC,2025-08-04 12:00:00+00:00,117.82,-1.0,109.70643993702474,120.13682968139646,5640.185645128876,3.0,0.9728058576583862,3.502,True,2025-08-09 16:00:00+00:00,2025-08-04 20:00:00+00:00,120.13682968139646,sl,-118.24167531609818,6
LTC,2025-08-04 20:00:00+00:00,121.22,-1.0,113.26694944852389,123.49099613884533,2929.2071890189773,2.0,0.8716363310813904,3.502,False,2025-08-10 00:00:00+00:00,2025-08-05 08:00:00+00:00,123.49099613884533,sl,-58.68520260871832,6
POL,2025-08-05 11:00:00+00:00,0.2224,-1.0,0.21310219293145174,0.2250549917941214,5437.246101964909,3.0,0.9514276385307312,3.502,True,2025-08-10 15:00:00+00:00,2025-08-05 15:00:00+00:00,0.21310219293145174,tp,221.87599688493125,6
LINK,2025-08-08 00:00:00+00:00,19.21,-1.0,17.943540805610375,19.571637829641382,4516.203879235625,3.0,0.9474301338195801,3.502,False,2025-08-13 04:00:00+00:00,2025-08-08 16:00:00+00:00,19.571637829641382,sl,-90.89085520983393,6
AVAX,2025-08-09 00:00:00+00:00,24.0,-1.0,22.661115782129055,24.382318818353482,2965.3571585521668,2.0,0.9132043123245239,3.502,False,2025-08-14 04:00:00+00:00,2025-08-09 04:00:00+00:00,24.382318818353482,sl,-51.09295784168884,6
ATOM,2025-08-08 13:00:00+00:00,4.648,-1.0,4.482205419219782,4.695342695781491,5645.2548490445315,3.0,0.9633396863937378,3.502,True,2025-08-13 17:00:00+00:00,2025-08-09 05:00:00+00:00,4.695342695781491,sl,-64.83917186470995,6
FIL,2025-08-09 05:00:00+00:00,2.605,-1.0,2.5433408583875226,2.6226067876873316,5451.358300685563,3.0,0.9695456624031067,3.502,True,2025-08-14 09:00:00+00:00,2025-08-09 10:00:00+00:00,2.6226067876873316,sl,-43.9316441815797,6
OP,2025-08-09 04:00:00+00:00,0.791,1.0,0.8477655589448209,0.7747905764148377,5512.145024308729,3.0,0.9690828323364258,3.502,True,2025-08-14 08:00:00+00:00,2025-08-10 04:00:00+00:00,0.7747905764148377,sl,-120.12241756050776,6
AVAX,2025-08-09 04:00:00+00:00,24.42,1.0,25.864585603492337,24.007498117039663,2939.8106796313223,2.0,0.9006679654121399,3.502,False,2025-08-14 08:00:00+00:00,2025-08-10 04:00:00+00:00,24.007498117039663,sl,-53.48094474735497,6
DOT,2025-08-11 11:00:00+00:00,3.932,-1.0,3.794979685305605,3.971126194860737,5247.419232101711,3.0,0.9991098046302795,3.502,True,2025-08-16 15:00:00+00:00,2025-08-12 12:00:00+00:00,3.971126194860737,sl,-59.03719622024438,6
TRX,2025-08-12 20:00:00+00:00,0.3524,-1.0,0.3444919704090663,0.35465814038910537,4153.657488516185,3.0,0.9204307794570923,3.502,False,2025-08-18 00:00:00+00:00,2025-08-13 00:00:00+00:00,0.35465814038910537,sl,-32.015934466422934,6
ADA,2025-08-12 16:00:00+00:00,0.8484,-1.0,0.7837068371335749,0.8668731534306764,5192.071860645232,3.0,0.9688214063644409,3.502,True,2025-08-17 20:00:00+00:00,2025-08-13 08:00:00+00:00,0.8668731534306764,sl,-119.80242810153162,6
DOT,2025-08-12 16:00:00+00:00,4.188,-1.0,4.020052242846012,4.235957535986445,5192.071860645232,3.0,0.9887202382087708,3.502,True,2025-08-17 20:00:00+00:00,2025-08-13 09:00:00+00:00,4.235957535986445,sl,-66.20503561107992,6
ICP,2025-08-13 09:00:00+00:00,5.859,-1.0,5.612584401364522,5.929364053318958,3740.75619363929,3.0,0.9636337161064148,3.502,True,2025-08-18 13:00:00+00:00,2025-08-13 17:00:00+00:00,5.929364053318958,sl,-49.787845359711376,6
ADA,2025-08-13 08:00:00+00:00,0.8797,-1.0,0.8103481464339655,0.8995034440559414,5049.742145737775,3.0,0.9605258107185364,3.502,True,2025-08-18 12:00:00+00:00,2025-08-13 20:00:00+00:00,0.8995034440559414,sl,-120.24238001061101,6
TRX,2025-08-14 00:00:00+00:00,0.3645,-1.0,0.35588729450492373,0.3669593608198177,4828.271588567711,3.0,0.9625245928764343,3.502,True,2025-08-19 04:00:00+00:00,2025-08-14 08:00:00+00:00,0.3669593608198177,sl,-38.854152166269884,6
HBAR,2025-08-14 02:00:00+00:00,0.27512,-1.0,0.2648454338309874,0.27805390566891436,4828.271588567711,3.0,0.9809564352035522,3.502,True,2025-08-19 06:00:00+00:00,2025-08-14 10:00:00+00:00,0.2648454338309874,tp,175.48721226830335,6
AVAX,2025-08-14 00:00:00+00:00,25.92,-1.0,24.236607562326004,26.400693251146194,3862.617270854168,3.0,0.9214926958084106,3.502,False,2025-08-19 04:00:00+00:00,2025-08-14 12:00:00+00:00,24.236607562326004,tp,246.99774937208113,6
POL,2025-08-14 12:00:00+00:00,0.239,-1.0,0.22639413104811565,0.24259960992718776,4150.340377959754,3.0,0.9378570318222046,3.502,False,2025-08-19 16:00:00+00:00,2025-08-17 08:00:00+00:00,0.24259960992718776,sl,-67.9042559880514,6
POL,2025-08-17 15:00:00+00:00,0.2549,1.0,0.26139867778264847,0.25304430047231935,5124.265232460894,3.0,0.9580784440040588,3.502,True,2025-08-22 19:00:00+00:00,2025-08-17 16:00:00+00:00,0.25304430047231935,sl,-43.96674908461633,6
HBAR,2025-08-18 02:00:00+00:00,0.24358,-1.0,0.23516108037856295,0.24598402520137183,5083.046405194066,3.0,0.9513784050941467,3.502,True,2025-08-23 06:00:00+00:00,2025-08-18 04:00:00+00:00,0.24598402520137183,sl,-56.77534540692748,6
ATOM,2025-08-18 06:00:00+00:00,4.401,-1.0,4.253801033356878,4.443032712193248,2682.5704100667053,2.0,0.8947345614433289,3.502,False,2025-08-23 10:00:00+00:00,2025-08-18 12:00:00+00:00,4.443032712193248,sl,-29.107816421625166,6
LINK,2025-08-17 12:00:00+00:00,26.29,-1.0,23.993931012335352,26.94564323673777,5124.265232460894,3.0,0.9548576474189758,3.502,True,2025-08-22 16:00:00+00:00,2025-08-19 04:00:00+00:00,23.993931012335352,tp,442.4096444222227,6
POL,2025-08-19 00:00:00+00:00,0.2654,-1.0,0.2492316028660614,0.27001689099356696,5002.530940979799,3.0,0.9824939370155334,3.502,True,2025-08-24 04:00:00+00:00,2025-08-19 04:00:00+00:00,0.2492316028660614,tp,299.75597293459293,6
POL,2025-08-19 18:00:00+00:00,0.2351,-1.0,0.2214175428612311,0.239007030029665,3039.0993105343005,2.0,0.8752946853637695,3.502,False,2025-08-24 22:00:00+00:00,2025-08-20 09:00:00+00:00,0.239007030029665,sl,-54.45636831846151,6
NEAR,2025-08-19 00:00:00+00:00,2.505,-1.0,2.312388586201022,2.560000251061378,2668.016501855893,2.0,0.8709856867790222,3.502,False,2025-08-24 04:00:00+00:00,2025-08-22 12:00:00+00:00,2.560000251061378,sl,-62.04789348353991,6
HBAR,2025-08-22 14:00:00+00:00,0.24772,-1.0,0.2376724960667667,0.25058906797457375,5589.088461812436,3.0,0.9897811412811279,3.502,True,2025-08-27 18:00:00+00:00,2025-08-22 16:00:00+00:00,0.25058906797457375,sl,-71.99807203590343,6
DOT,2025-08-22 16:00:00+00:00,4.041,-1.0,3.8699203499387127,4.0898518490118345,5521.590269278778,3.0,0.9877091646194458,3.502,True,2025-08-27 20:00:00+00:00,2025-08-22 19:00:00+00:00,4.0898518490118345,sl,-73.9288454099534,6
POL,2025-08-24 18:00:00+00:00,0.2593,-1.0,0.25088303781162996,0.26170346625573093,5452.281976706946,3.0,0.9573505520820618,3.502,True,2025-08-29 22:00:00+00:00,2025-08-24 19:00:00+00:00,0.25088303781162996,tp,171.53056120984795,6
ARB,2025-08-22 16:00:00+00:00,0.5972,-1.0,0.5291204779275562,0.6166401293893774,5521.590269278778,3.0,0.9837169647216797,3.502,True,2025-08-27 20:00:00+00:00,2025-08-25 16:00:00+00:00,0.5291204779275562,tp,623.927884969092,6
FIL,2025-08-25 06:00:00+00:00,2.314,-1.0,2.172086102637948,2.3545235589629057,5613.091877841179,3.0,0.9937415719032288,3.502,True,2025-08-30 10:00:00+00:00,2025-08-25 20:00:00+00:00,2.172086102637948,tp,338.62880295177007,6
DOT,2025-08-25 20:00:00+00:00,3.704,-1.0,3.551515964075809,3.7475418654235915,6515.488772766987,3.0,0.9987493753433228,3.502,True,2025-08-31 00:00:00+00:00,2025-08-26 01:00:00+00:00,3.7475418654235915,sl,-85.06207258406255,6
TRX,2025-08-25 20:00:00+00:00,0.3417,-1.0,0.3315017737206029,0.3446121067889205,6515.488772766987,3.0,0.9942136406898499,3.502,True,2025-08-31 00:00:00+00:00,2025-08-26 04:00:00+00:00,0.3446121067889205,sl,-63.99778857495151,6
LTC,2025-08-25 08:00:00+00:00,111.49,-1.0,104.54307004499417,113.47369807943934,4490.473502272943,3.0,0.9306989312171936,3.502,False,2025-08-30 12:00:00+00:00,2025-08-26 16:00:00+00:00,113.47369807943934,sl,-85.73485891318559,6
TAO,2025-08-25 16:00:00+00:00,326.8,-1.0,290.4875474977829,337.16903247260683,4648.518202499776,3.0,0.9939515590667725,3.502,True,2025-08-30 20:00:00+00:00,2025-08-26 16:00:00+00:00,337.16903247260683,sl,-153.5358404662609,6
DOT,2025-08-28 08:00:00+00:00,3.979,-1.0,3.8547030002415132,4.014493048195097,3280.762065206496,2.0,0.8978314399719238,3.502,False,2025-09-02 12:00:00+00:00,2025-08-29 07:00:00+00:00,3.8547030002415132,tp,99.20450599878563,6
POL,2025-08-31 03:00:00+00:00,0.2649,-1.0,0.2523137053787863,0.26849402047077914,3330.364318205889,2.0,0.8831808567047119,3.502,False,2025-09-05 07:00:00+00:00,2025-08-31 04:00:00+00:00,0.26849402047077914,sl,-49.51406226894999,6
HBAR,2025-08-31 23:00:00+00:00,0.21896,1.0,0.22436447269816032,0.21741675108556435,3305.6072870714142,2.0,0.9022666811943054,3.502,False,2025-09-06 03:00:00+00:00,2025-09-01 00:00:00+00:00,0.21741675108556435,sl,-27.595493973208757,6
SUI,2025-09-01 00:00:00+00:00,3.1856,-1.0,3.030316834789909,3.229941157690032,6172.142887659018,3.0,0.9628636837005615,3.502,True,2025-09-06 04:00:00+00:00,2025-09-01 04:00:00+00:00,3.229941157690032,sl,-93.9353757423725,6
HBAR,2025-09-01 00:00:00+00:00,0.2163,-1.0,0.21043553053107988,0.21797460114003953,6172.142887659018,3.0,0.9927693605422974,3.502,True,2025-09-06 04:00:00+00:00,2025-09-01 07:00:00+00:00,0.21797460114003953,sl,-55.80870261091784,6
FIL,2025-09-01 07:00:00+00:00,2.362,-1.0,2.2768516615827687,2.3863141353777437,3216.9375009081646,2.0,0.8856016993522644,3.502,False,2025-09-06 11:00:00+00:00,2025-09-01 08:00:00+00:00,2.3863141353777437,sl,-37.29677484720999,6
FIL,2025-09-01 08:00:00+00:00,2.504,-1.0,2.3855752994427015,2.537816211272494,5996.7920877835495,3.0,0.9711153507232666,3.502,True,2025-09-06 12:00:00+00:00,2025-09-01 10:00:00+00:00,2.3855752994427015,tp,277.61674916626737,6
POL,2025-09-03 02:00:00+00:00,0.2942,-1.0,0.28261199624298833,0.2975089581939366,5005.64623210154,3.0,0.9236148595809937,3.502,False,2025-09-08 06:00:00+00:00,2025-09-03 09:00:00+00:00,0.28261199624298833,tp,192.15766900876875,6
POL,2025-09-04 03:00:00+00:00,0.2728,-1.0,0.2647158014330307,0.2751084454967834,5149.764483858116,3.0,0.9446219801902771,3.502,False,2025-09-09 07:00:00+00:00,2025-09-04 09:00:00+00:00,0.2751084454967834,sl,-50.272225472188445,6
TRX,2025-09-06 12:00:00+00:00,0.3279,-1.0,0.320168139385102,0.3301078352814273,3408.040209835983,2.0,0.9015358686447144,3.502,False,2025-09-11 16:00:00+00:00,2025-09-06 20:00:00+00:00,0.320168139385102,tp,76.95332567128496,6
TAO,2025-09-08 00:00:00+00:00,331.4,-1.0,314.719559476983,336.1631051477448,2584.887654503719,2.0,0.8807617425918579,3.502,False,2025-09-13 04:00:00+00:00,2025-09-08 08:00:00+00:00,336.1631051477448,sl,-40.512109211894774,6
ATOM,2025-09-08 02:00:00+00:00,4.536,-1.0,4.463966463132089,4.5565691995839295,5169.775309007438,3.0,0.9347813129425049,3.502,False,2025-09-13 06:00:00+00:00,2025-09-08 14:00:00+00:00,4.5565691995839295,sl,-30.16386048880112,6
SUI,2025-09-08 08:00:00+00:00,3.4737,-1.0,3.3513800076392464,3.5086285130978205,5139.3912270985165,3.0,0.9390830397605896,3.502,False,2025-09-13 12:00:00+00:00,2025-09-09 04:00:00+00:00,3.5086285130978205,sl,-58.35846736556933,6
ICP,2025-09-08 14:00:00+00:00,4.94,-1.0,4.785380981515541,4.984151510379259,4796.970310998671,3.0,0.9639803171157837,3.502,True,2025-09-13 18:00:00+00:00,2025-09-09 06:00:00+00:00,4.984151510379259,sl,-49.10923639924796,6
SUI,2025-09-09 04:00:00+00:00,3.6094,1.0,3.7799511431331805,3.5606990663112,3381.9996541384926,2.0,0.915128231048584,3.502,False,2025-09-14 08:00:00+00:00,2025-09-09 12:00:00+00:00,3.5606990663112,sl,-50.02926450625708,6
APT,2025-09-09 06:00:00+00:00,4.501,-1.0,4.401170913579798,4.5295062276842515,3357.4450359388684,2.0,0.8913342952728271,3.502,False,2025-09-14 10:00:00+00:00,2025-09-09 14:00:00+00:00,4.401170913579798,tp,71.10837825751157,6
NEAR,2025-09-09 04:00:00+00:00,2.69,1.0,2.81938632573285,2.6530536931386473,5072.999481207738,3.0,0.9360033273696899,3.502,False,2025-09-14 08:00:00+00:00,2025-09-09 20:00:00+00:00,2.6530536931386473,sl,-76.27095714719985,6
AVAX,2025-09-10 04:00:00+00:00,26.93,-1.0,25.39341504235571,27.368772328081118,3329.8491142408957,2.0,0.9156632423400879,3.502,False,2025-09-15 08:00:00+00:00,2025-09-10 12:00:00+00:00,27.368772328081118,sl,-58.58226274247255,6
FIL,2025-09-11 04:00:00+00:00,2.524,1.0,2.576850692810695,2.508908467696573,6188.546217880612,3.0,0.9682286381721497,3.502,True,2025-09-16 08:00:00+00:00,2025-09-11 11:00:00+00:00,2.508908467696573,sl,-45.047742871833044,6
TRX,2025-09-11 04:00:00+00:00,0.3452,-1.0,0.33748771371577263,0.3474022458250186,6188.546217880612,3.0,0.9774913787841797,3.502,True,2025-09-16 08:00:00+00:00,2025-09-12 00:00:00+00:00,0.3474022458250186,sl,-47.52570125144361,6
AVAX,2025-09-13 00:00:00+00:00,30.24,-1.0,28.298226397473716,30.794474075740723,4881.406891212031,3.0,0.9325740337371826,3.502,False,2025-09-18 04:00:00+00:00,2025-09-13 04:00:00+00:00,30.794474075740723,sl,-95.85024609876066,6
POL,2025-09-13 08:00:00+00:00,0.283,-1.0,0.2764034505639984,0.284883646809724,6011.899008297451,3.0,0.9844659566879272,3.502,True,2025-09-18 12:00:00+00:00,2025-09-13 10:00:00+00:00,0.284883646809724,sl,-47.830643224435214,6
LTC,2025-09-13 08:00:00+00:00,120.63,-1.0,115.95173496971994,121.96588008167372,6011.899008297451,3.0,0.9943521022796631,3.502,True,2025-09-18 12:00:00+00:00,2025-09-14 00:00:00+00:00,115.95173496971994,tp,227.14118808523924,6
AVAX,2025-09-13 04:00:00+00:00,30.85,-1.0,28.886694633736028,31.41062247779027,3206.3461377586405,2.0,0.918783962726593,3.502,False,2025-09-18 08:00:00+00:00,2025-09-15 08:00:00+00:00,28.886694633736028,tp,200.84670340393686,6
ATOM,2025-09-15 07:00:00+00:00,4.56,-1.0,4.444511449043295,4.592977792811192,6180.002644104455,3.0,0.9935775995254517,3.502,True,2025-09-20 11:00:00+00:00,2025-09-16 02:00:00+00:00,4.444511449043295,tp,150.33744259190973,6
TAO,2025-09-11 04:00:00+00:00,359.2,-1.0,325.7037257679026,368.7648718632473,2475.418487152245,2.0,0.9045220613479614,3.502,False,2025-09-16 08:00:00+00:00,2025-09-16 08:00:00+00:00,339.6,time,132.5975279164778,6
FIL,2025-09-16 20:00:00+00:00,2.638,-1.0,2.5444346993943987,2.664717601633474,5306.838370717807,3.0,0.9372331500053406,3.502,False,2025-09-22 00:00:00+00:00,2025-09-17 01:00:00+00:00,2.5444346993943987,tp,182.9175465502642,6
ATOM,2025-09-17 22:00:00+00:00,4.622,1.0,4.738663010796942,4.588686839804287,3629.3510204203367,2.0,0.8783120512962341,3.502,False,2025-09-23 02:00:00+00:00,2025-09-18 06:00:00+00:00,4.588686839804287,sl,-30.87677855712588,6
HBAR,2025-09-18 08:00:00+00:00,0.25178,-1.0,0.24189300557826587,0.2546032344320226,6776.086183390826,3.0,0.9564965963363647,3.502,True,2025-09-23 12:00:00+00:00,2025-09-19 09:00:00+00:00,0.24189300557826587,tp,259.3098868739402,6
NEAR,2025-09-18 16:00:00+00:00,3.202,-1.0,2.972980331153654,3.267396639981517,6776.086183390826,3.0,0.9803717732429504,3.502,True,2025-09-23 20:00:00+00:00,2025-09-22 00:00:00+00:00,2.972980331153654,tp,477.8763228717207,6
AVAX,2025-09-18 16:00:00+00:00,34.71,-1.0,32.243634335500886,35.41427150749326,5420.8689467126605,3.0,0.9381193518638611,3.502,False,2025-09-23 20:00:00+00:00,2025-09-22 00:00:00+00:00,32.243634335500886,tp,379.76625412795136,6
UNI,2025-09-22 00:00:00+00:00,8.709,-1.0,8.347462112513503,8.812237259868258,7823.229118272337,3.0,0.9875510334968567,3.502,True,2025-09-27 04:00:00+00:00,2025-09-22 04:00:00+00:00,8.347462112513503,tp,316.9435327077733,6
TAO,2025-09-22 00:00:00+00:00,323.6,-1.0,302.69529207180346,329.56934606178413,5867.421838704253,3.0,0.985893726348877,3.502,True,2025-09-27 04:00:00+00:00,2025-09-22 04:00:00+00:00,302.69529207180346,tp,373.17071113297186,6
DOT,2025-09-22 00:00:00+00:00,4.176,-1.0,4.064426315177421,4.207859901529457,7823.229118272337,3.0,0.9919747710227966,3.502,True,2025-09-27 04:00:00+00:00,2025-09-22 05:00:00+00:00,4.064426315177421,tp,201.19652661375363,6
POL,2025-09-22 05:00:00+00:00,0.2307,-1.0,0.22189155119821746,0.23321525538390447,8658.83296557343,3.0,0.9967259168624878,3.502,True,2025-09-27 09:00:00+00:00,2025-09-22 06:00:00+00:00,0.22189155119821746,tp,321.94752533715877,6
TAO,2025-09-22 04:00:00+00:00,308.5,-1.0,282.5857441874558,315.89982406881785,6352.658416404777,3.0,0.9740573167800903,3.502,True,2025-09-27 08:00:00+00:00,2025-09-22 20:00:00+00:00,315.89982406881785,sl,-160.6362668025591,6
LTC,2025-09-22 04:00:00+00:00,105.49,-1.0,99.8193164047191,107.10926552159363,8470.211221873036,3.0,0.9943888783454895,3.502,True,2025-09-27 08:00:00+00:00,2025-09-24 08:00:00+00:00,107.10926552159363,sl,-141.02853681418603,6
DOT,2025-09-22 06:00:00+00:00,4.008,-1.0,3.830069334203993,4.0588081587548706,8960.658770577018,3.0,0.9985505938529968,3.502,True,2025-09-27 10:00:00+00:00,2025-09-24 11:00:00+00:00,4.0588081587548706,sl,-125.24031682183504,6
HBAR,2025-09-25 04:00:00+00:00,0.21336,-1.0,0.20742897780679975,0.21505360529182901,8560.435220165848,3.0,0.9598409533500671,3.502,True,2025-09-30 08:00:00+00:00,2025-09-25 05:00:00+00:00,0.21505360529182901,sl,-79.0794393765437,6
TRX,2025-09-25 08:00:00+00:00,0.3316,-1.0,0.3244357949745502,0.33364574104557565,4526.025731066846,2.0,0.906008243560791,3.502,False,2025-09-30 12:00:00+00:00,2025-09-25 12:00:00+00:00,0.33364574104557565,sl,-33.80625990206048,6
OP,2025-09-22 04:00:00+00:00,0.7094,-1.0,0.6498744604306207,0.7263975369387857,8470.211221873036,3.0,0.9973850846290588,3.502,True,2025-09-27 08:00:00+00:00,2025-09-25 16:00:00+00:00,0.6498744604306207,tp,702.2626521113723,6
FIL,2025-09-25 17:00:00+00:00,2.101,-1.0,2.0091963891547553,2.1272145505566935,9112.976113446564,3.0,0.996906578540802,3.502,True,2025-09-30 21:00:00+00:00,2025-09-25 18:00:00+00:00,2.1272145505566935,sl,-125.55109219730704,6
ATOM,2025-10-01 08:00:00+00:00,4.232,-1.0,4.125907127765197,4.262294853735027,4687.5,3.0,0.9685473442077637,3.502,True,2025-10-06 12:00:00+00:00,2025-10-01 20:00:00+00:00,4.125907127765197,tp,112.82439475440421,7
APT,2025-10-01 23:00:00+00:00,4.875,-1.0,4.7268223168233465,4.9173121850136825,4793.272870082254,3.0,0.9823440313339233,3.502,True,2025-10-07 03:00:00+00:00,2025-10-02 04:00:00+00:00,4.9173121850136825,sl,-47.83409544905262,7
APT,2025-10-02 04:00:00+00:00,4.984,-1.0,4.820554338900257,5.03067196101245,2532.495149652676,2.0,0.9146749973297119,3.502,False,2025-10-07 08:00:00+00:00,2025-10-02 11:00:00+00:00,5.03067196101245,sl,-27.007435285400877,7
APT,2025-10-02 11:00:00+00:00,5.113,-1.0,4.91999709958761,5.168112040189552,4723.108935018705,3.0,0.9921360015869141,3.502,True,2025-10-07 15:00:00+00:00,2025-10-02 19:00:00+00:00,5.168112040189552,sl,-57.04952126472844,7
APT,2025-10-03 12:00:00+00:00,5.341,-1.0,5.143690746840071,5.397341720599461,2490.4666713776114,2.0,0.8714524507522583,3.502,False,2025-10-08 16:00:00+00:00,2025-10-03 19:00:00+00:00,5.397341720599461,sl,-29.50931185178854,7
APT,2025-10-04 07:00:00+00:00,5.536,-1.0,5.336537570466302,5.5929565608044145,4641.960028971969,3.0,0.9703295826911926,3.502,True,2025-10-09 11:00:00+00:00,2025-10-04 09:00:00+00:00,5.336537570466302,tp,162.60815290041097,7
APT,2025-10-05 07:00:00+00:00,5.587,1.0,5.774130601211202,5.533564796733051,2557.0160919019227,2.0,0.9005166292190552,3.502,False,2025-10-10 11:00:00+00:00,2025-10-05 08:00:00+00:00,5.533564796733051,sl,-27.77994240285133,7
HBAR,2025-10-06 14:00:00+00:00,0.22895,-1.0,0.22209311196607906,0.23090798657995942,3814.689181050745,3.0,0.9350502490997314,3.502,False,2025-10-11 18:00:00+00:00,2025-10-06 21:00:00+00:00,0.23090798657995942,sl,-37.58242078015222,7
FIL,2025-10-07 15:00:00+00:00,2.292,-1.0,2.214094163930901,2.3142460365065327,2524.3349103104206,2.0,0.8998763561248779,3.502,False,2025-10-12 19:00:00+00:00,2025-10-08 16:00:00+00:00,2.3142460365065327,sl,-27.782702822095114,7
APT,2025-10-09 02:00:00+00:00,5.036,-1.0,4.861201227111293,5.085913845729482,4707.081672936324,3.0,0.9914860129356384,3.502,True,2025-10-14 06:00:00+00:00,2025-10-09 13:00:00+00:00,4.861201227111293,tp,158.67498749231203,7
APT,2025-10-09 13:00:00+00:00,4.838,-1.0,4.675924542047201,4.884280699063843,4855.839473710366,3.0,0.9780762791633606,3.502,True,2025-10-14 17:00:00+00:00,2025-10-09 14:00:00+00:00,4.884280699063843,sl,-52.76394422717481,7
ICP,2025-10-12 19:00:00+00:00,3.528,-1.0,3.2810428286202686,3.598518699589988,1922.549310398956,2.0,0.9024782180786133,3.502,False,2025-10-17 23:00:00+00:00,2025-10-13 09:00:00+00:00,3.598518699589988,sl,-40.92779405447176,7
POL,2025-10-13 17:00:00+00:00,0.2094,1.0,0.21946120596470273,0.2065270194059402,2542.9351835047055,2.0,0.9181894063949585,3.502,False,2025-10-18 21:00:00+00:00,2025-10-14 02:00:00+00:00,0.2065270194059402,sl,-38.195039397395234,7
HBAR,2025-10-16 15:00:00+00:00,0.17434,-1.0,0.16635758795251795,0.17661938032345834,3785.756495709012,3.0,0.9305989742279053,3.502,False,2025-10-21 19:00:00+00:00,2025-10-16 16:00:00+00:00,0.17661938032345834,sl,-54.417748591397306,7
HBAR,2025-10-16 19:00:00+00:00,0.1712,1.0,0.18085014502061952,0.1684443979905224,3744.9431842654644,3.0,0.933042585849762,3.502,False,2025-10-21 23:00:00+00:00,2025-10-17 06:00:00+00:00,0.1684443979905224,sl,-65.14630560181897,7
HBAR,2025-10-17 08:00:00+00:00,0.15811,-1.0,0.14980069663031848,0.16048272424548324,2464.0556367094,2.0,0.8990634083747864,3.502,False,2025-10-22 12:00:00+00:00,2025-10-17 11:00:00+00:00,0.16048272424548324,sl,-40.18084839147549,7
HBAR,2025-10-20 03:00:00+00:00,0.17459,-1.0,0.16884884881430484,0.17622938756466486,3665.9478187704935,3.0,0.9203963279724121,3.502,False,2025-10-25 07:00:00+00:00,2025-10-20 05:00:00+00:00,0.17622938756466486,sl,-39.18871897236673,7
POL,2025-10-20 05:00:00+00:00,0.2008,-1.0,0.1948102548147879,0.20251037366105507,4545.695349426523,3.0,0.9710137248039246,3.502,True,2025-10-25 09:00:00+00:00,2025-10-20 13:00:00+00:00,0.20251037366105507,sl,-44.62871469548753,7
DOT,2025-10-21 15:00:00+00:00,3.172,-1.0,3.0547497592829393,3.2054808438879734,4503.855929399504,3.0,0.9836400151252747,3.502,True,2025-10-26 19:00:00+00:00,2025-10-21 22:00:00+00:00,3.0547497592829393,tp,161.97728905075604,7
LTC,2025-10-26 08:00:00+00:00,98.65,-1.0,95.40261854174285,99.57729081819946,4655.709637884587,3.0,0.9693294167518616,3.502,True,2025-10-31 12:00:00+00:00,2025-10-26 20:00:00+00:00,99.57729081819946,sl,-49.81518785528215,7
FIL,2025-10-26 11:00:00+00:00,1.629,1.0,1.6667784581943117,1.6182123491312541,2483.045140205113,2.0,0.9144241213798523,3.502,False,2025-10-31 15:00:00+00:00,2025-10-26 22:00:00+00:00,1.6667784581943117,tp,55.10174124642945,7
ICP,2025-10-26 22:00:00+00:00,3.304,-1.0,3.1791674824494995,3.3396459654725708,2796.399469013273,3.0,0.9228153228759766,3.502,False,2025-11-01 02:00:00+00:00,2025-10-27 11:00:00+00:00,3.1791674824494995,tp,102.85783351942776,7
ARB,2025-10-27 00:00:00+00:00,0.3435,-1.0,0.32842776538361657,0.34780388143468105,4660.665781688789,3.0,0.9771807193756104,3.502,True,2025-11-01 04:00:00+00:00,2025-10-28 00:00:00+00:00,0.32842776538361657,tp,199.84194886216463,7
HBAR,2025-10-28 01:00:00+00:00,0.19672,-1.0,0.18811708167025906,0.19917656609161338,3955.5574621372252,3.0,0.9231595993041992,3.502,False,2025-11-02 05:00:00+00:00,2025-10-28 04:00:00+00:00,0.19917656609161338,sl,-54.53775304011639,7
HBAR,2025-10-28 04:00:00+00:00,0.20082,-1.0,0.19048279597284143,0.20377179192942213,3914.654147357138,3.0,0.9433709383010864,3.502,False,2025-11-02 08:00:00+00:00,2025-10-28 06:00:00+00:00,0.20377179192942213,sl,-62.62935772473665,7
TRX,2025-10-25 00:00:00+00:00,0.2996,-1.0,0.28885369246182524,0.30266861156836344,4655.709637884587,3.0,0.9936116337776184,3.502,True,2025-10-30 04:00:00+00:00,2025-10-30 04:00:00+00:00,0.2973,time,31.085719491402482,7
SUI,2025-10-30 16:00:00+00:00,2.2146,-1.0,1.9795905859684417,2.281707013642572,3890.996418682137,3.0,0.931978702545166,3.502,False,2025-11-04 20:00:00+00:00,2025-10-30 20:00:00+00:00,2.281707013642572,sl,-122.96362802364239,7
DOT,2025-10-30 13:00:00+00:00,2.876,-1.0,2.7350648191714795,2.9162440861424717,2593.997612454758,2.0,0.8705536723136902,3.502,False,2025-11-04 17:00:00+00:00,2025-10-31 04:00:00+00:00,2.9162440861424717,sl,-39.67020224006997,7
TAO,2025-10-31 12:00:00+00:00,485.1,-1.0,396.0654408446758,510.52384695744314,3533.4572306103305,3.0,0.9716569781303406,3.502,True,2025-11-05 16:00:00+00:00,2025-11-01 00:00:00+00:00,510.52384695744314,sl,-189.7802102557156,7
ICP,2025-11-01 09:00:00+00:00,3.29,-1.0,3.0985540349062823,3.344667456809344,2720.0144162194247,3.0,0.9468762874603271,3.502,False,2025-11-06 13:00:00+00:00,2025-11-01 10:00:00+00:00,3.344667456809344,sl,-48.7324535798294,7
ICP,2025-11-01 11:00:00+00:00,3.448,-1.0,3.1869619372696696,3.522539502636786,1795.0682740538468,2.0,0.8993759155273438,3.502,False,2025-11-06 15:00:00+00:00,2025-11-01 12:00:00+00:00,3.522539502636786,sl,-41.13970718638827,7
FIL,2025-11-01 12:00:00+00:00,1.688,-1.0,1.622621735560103,1.70666878440498,4449.102209647378,3.0,0.9561150074005127,3.502,True,2025-11-06 16:00:00+00:00,2025-11-02 07:00:00+00:00,1.70666878440498,sl,-54.98959705952441,7
HBAR,2025-11-03 02:00:00+00:00,0.18803,-1.0,0.18081685914787363,0.19008971468659736,4397.549462404074,3.0,0.9861424565315247,3.502,True,2025-11-08 06:00:00+00:00,2025-11-03 10:00:00+00:00,0.18081685914787363,tp,164.2996992559558,7
UNI,2025-11-03 00:00:00+00:00,5.459,-1.0,5.12760658174627,5.553629496998895,4397.549462404074,3.0,0.9598575830459595,3.502,True,2025-11-08 04:00:00+00:00,2025-11-03 12:00:00+00:00,5.12760658174627,tp,262.55957607083235,7
ATOM,2025-11-03 10:00:00+00:00,2.759,-1.0,2.6272647545866747,2.7966170416303937,4551.580430456533,3.0,0.9607057571411133,3.502,True,2025-11-08 14:00:00+00:00,2025-11-03 15:00:00+00:00,2.6272647545866747,tp,212.774829509623,7
HBAR,2025-11-03 15:00:00+00:00,0.17486,-1.0,0.16502977113721068,0.1776670250084374,4997.206435688209,3.0,0.9931935667991638,3.502,True,2025-11-08 19:00:00+00:00,2025-11-03 16:00:00+00:00,0.1776670250084374,sl,-86.71644978753825,7
TRX,2025-11-04 04:00:00+00:00,0.2785,-1.0,0.2691238956087693,0.28117734961975616,4915.909764012392,3.0,0.9949560761451721,3.502,True,2025-11-09 08:00:00+00:00,2025-11-04 08:00:00+00:00,0.28117734961975616,sl,-53.64960239674942,7
ICP,2025-11-04 04:00:00+00:00,5.2,-1.0,4.287991498676606,5.460424320415658,2949.545858407435,3.0,0.9365128874778748,3.502,False,2025-11-09 08:00:00+00:00,2025-11-04 14:00:00+00:00,5.460424320415658,sl,-151.55238571411715,7
ADA,2025-11-03 12:00:00+00:00,0.5505,-1.0,0.5068883912658411,0.5629533088785316,4797.730033022937,3.0,0.9953693747520447,3.502,True,2025-11-08 16:00:00+00:00,2025-11-04 20:00:00+00:00,0.5068883912658411,tp,375.28714737355233,7
ICP,2025-11-04 14:00:00+00:00,5.612,-1.0,4.091263734135338,6.046246729054138,3542.6496751188406,3.0,0.9668466448783875,3.502,True,2025-11-09 18:00:00+00:00,2025-11-06 07:00:00+00:00,6.046246729054138,sl,-278.7294705229611,7
FIL,2025-11-06 19:00:00+00:00,1.78,-1.0,1.5913034523351475,1.833882359779643,3851.2445777647063,3.0,0.9390867948532104,3.502,False,2025-11-11 23:00:00+00:00,2025-11-06 22:00:00+00:00,1.833882359779643,sl,-121.58759881542952,7
DOT,2025-11-07 00:00:00+00:00,2.791,-1.0,2.6330351514880332,2.8361069132180203,4700.067348316418,3.0,0.9758054614067078,3.502,True,2025-11-12 04:00:00+00:00,2025-11-07 07:00:00+00:00,2.8361069132180203,sl,-82.07050675716819,7
NEAR,2025-11-07 04:00:00+00:00,2.245,-1.0,2.024397293342024,2.307993173725786,3760.0538786531342,3.0,0.9467890858650208,3.502,False,2025-11-12 08:00:00+00:00,2025-11-07 12:00:00+00:00,2.307993173725786,sl,-110.3926255862632,7
NEAR,2025-11-07 12:00:00+00:00,2.522,-1.0,2.2368020021289516,2.6034383798744187,2410.4710195970406,2.0,0.9123503565788269,3.502,False,2025-11-12 16:00:00+00:00,2025-11-07 16:00:00+00:00,2.6034383798744187,sl,-80.97058876093283,7
ICP,2025-11-07 07:00:00+00:00,8.556,-1.0,6.815385199968294,9.053033115092592,3467.34468617368,3.0,0.9680938720703125,3.502,True,2025-11-12 11:00:00+00:00,2025-11-08 02:00:00+00:00,9.053033115092592,sl,-205.93171013838563,7
NEAR,2025-11-07 16:00:00+00:00,2.794,-1.0,2.435202518807391,2.896454735971043,4443.723234781077,3.0,0.9684434533119202,3.502,True,2025-11-12 20:00:00+00:00,2025-11-08 08:00:00+00:00,2.896454735971043,sl,-168.72619265614043,7
DOT,2025-11-08 02:00:00+00:00,3.442,-1.0,3.102776849478019,3.5388652795623665,4250.662256526341,3.0,0.9585292339324951,3.502,True,2025-11-13 06:00:00+00:00,2025-11-08 16:00:00+00:00,3.102776849478019,tp,414.66945467076556,7
HBAR,2025-11-10 06:00:00+00:00,0.18555,-1.0,0.179033705319748,0.18741073003844844,4481.234064665052,3.0,0.9877437949180603,3.502,True,2025-11-15 10:00:00+00:00,2025-11-10 08:00:00+00:00,0.18741073003844844,sl,-50.7642560406837,7
ICP,2025-11-10 14:00:00+00:00,6.711,-1.0,5.759727474718205,6.982636175065383,3325.231930970183,3.0,0.9729397892951965,3.502,True,2025-11-15 18:00:00+00:00,2025-11-10 20:00:00+00:00,6.982636175065383,sl,-138.91575083733872,7
TRX,2025-11-11 00:00:00+00:00,0.298,-1.0,0.29234301843618854,0.29961535290210756,3442.727246573524,3.0,0.9399376511573792,3.502,False,2025-11-16 04:00:00+00:00,2025-11-12 00:00:00+00:00,0.29961535290210756,sl,-23.13735565181184,7
FIL,2025-11-11 05:00:00+00:00,2.387,-1.0,2.1325337012818375,2.4596629333127966,4303.409058216905,3.0,0.9955429434776306,3.502,True,2025-11-16 09:00:00+00:00,2025-11-12 16:00:00+00:00,2.1325337012818375,tp,454.4618087527044,7
FIL,2025-11-12 16:00:00+00:00,2.117,-1.0,1.9711712365038225,2.158641450244641,4707.775732998991,3.0,0.9868673086166382,3.502,True,2025-11-17 20:00:00+00:00,2025-11-12 17:00:00+00:00,2.158641450244641,sl,-98.72219109276904,7
NEAR,2025-11-08 08:00:00+00:00,3.009,-1.0,2.454850698714525,3.167237510929636,2182.656773819311,2.0,0.9030294418334961,3.502,False,2025-11-13 12:00:00+00:00,2025-11-13 12:00:00+00:00,2.519,time,353.2516467062279,7
ATOM,2025-11-13 19:00:00+00:00,2.784,1.0,2.911428892665787,2.747612638779515,4946.397097636609,3.0,0.9600114822387695,3.502,True,2025-11-18 23:00:00+00:00,2025-11-14 06:00:00+00:00,2.911428892665787,tp,221.45945952488373,7
ASTR,2025-11-12 08:00:00+00:00,1.187,-1.0,0.9722664069033695,1.2483172464636632,2569.0306723759986,3.0,0.9379380941390991,3.502,False,2025-11-17 12:00:00+00:00,2025-11-16 20:00:00+00:00,1.2483172464636632,sl,-136.04899590676717,7
POL,2025-11-14 18:00:00+00:00,0.1553,-1.0,0.14629580789151117,0.15787114994799126,5154.015340941187,3.0,0.9679232835769653,3.502,True,2025-11-19 22:00:00+00:00,2025-11-17 17:00:00+00:00,0.14629580789151117,tp,293.6724126045383,7
SUI,2025-11-17 16:00:00+00:00,1.5964,-1.0,1.4490640130421841,1.6384718383881092,2680.783683881916,2.0,0.9010204672813416,3.502,False,2025-11-22 20:00:00+00:00,2025-11-18 00:00:00+00:00,1.6384718383881092,sl,-74.13491724918167,7
FIL,2025-11-19 05:00:00+00:00,1.83,-1.0,1.6871073861044168,1.8708030317833397,5232.285809174239,3.0,0.9736387729644775,3.502,True,2025-11-24 09:00:00+00:00,2025-11-19 07:00:00+00:00,1.8708030317833397,sl,-123.46488093512517,7
NEAR,2025-11-16 16:00:00+00:00,2.276,-1.0,1.992367948582602,2.3569912233617245,2748.8081818353,2.0,0.9082955718040466,3.502,False,2025-11-21 20:00:00+00:00,2025-11-19 20:00:00+00:00,2.3569912233617245,sl,-101.38950399032227,7
TRX,2025-11-19 12:00:00+00:00,0.2839,-1.0,0.2748566592301699,0.2864823288608086,2728.819991092032,2.0,0.9109837412834167,3.502,False,2025-11-24 16:00:00+00:00,2025-11-19 20:00:00+00:00,0.2864823288608086,sl,-28.36856714709685,7
SUI,2025-11-19 16:00:00+00:00,1.5182,-1.0,1.3600589825119973,1.5633572183256987,4093.229986638048,3.0,0.9251390099525452,3.502,False,2025-11-24 20:00:00+00:00,2025-11-19 20:00:00+00:00,1.5633572183256987,sl,-127.06990150134325,7
HBAR,2025-11-19 17:00:00+00:00,0.14004,-1.0,0.13370770402805188,0.1418481891482069,2728.819991092032,2.0,0.8747292757034302,3.502,False,2025-11-24 21:00:00+00:00,2025-11-19 20:00:00+00:00,0.1418481891482069,sl,-38.7818468460509,7
APT,2025-11-20 04:00:00+00:00,2.999,-1.0,2.8611967120787796,3.038349773117084,4839.403277530548,3.0,0.9913814663887024,3.502,True,2025-11-25 08:00:00+00:00,2025-11-20 12:00:00+00:00,3.038349773117084,sl,-69.7888638049373,7
APT,2025-11-20 12:00:00+00:00,3.059,-1.0,2.9517326679249596,3.089630221119548,4773.97621771342,3.0,0.9804621934890747,3.502,True,2025-11-25 16:00:00+00:00,2025-11-20 16:00:00+00:00,2.9517326679249596,tp,162.63095750697164,7
HBAR,2025-11-20 17:00:00+00:00,0.13631,1.0,0.1421000870123717,0.13465663879431344,3941.1541923009645,3.0,0.9336415529251099,3.502,False,2025-11-25 21:00:00+00:00,2025-11-21 07:00:00+00:00,0.13465663879431344,sl,-52.92741393527699,7
LTC,2025-11-20 16:00:00+00:00,87.07,-1.0,80.18570790314017,89.03581181893158,4926.442740376206,3.0,0.9640560150146484,3.502,True,2025-11-25 20:00:00+00:00,2025-11-21 12:00:00+00:00,80.18570790314017,tp,384.58855465487323,7
HBAR,2025-11-21 07:00:00+00:00,0.1314,-1.0,0.12415749765186768,0.13346809887121036,4876.823289811883,3.0,0.9925451874732971,3.502,True,2025-11-26 11:00:00+00:00,2025-11-21 12:00:00+00:00,0.12415749765186768,tp,263.92381695287395,7
HBAR,2025-11-23 09:00:00+00:00,0.13791,-1.0,0.13310645925342793,0.13928165260268927,5484.803638194147,3.0,0.9789925217628479,3.502,True,2025-11-28 13:00:00+00:00,2025-11-23 11:00:00+00:00,0.13928165260268927,sl,-61.6820914816539,7
TAO,2025-11-21 04:00:00+00:00,283.8,-1.0,229.94059058395987,299.1795716540007,2955.8656442257234,3.0,0.9316143989562988,3.502,False,2025-11-26 08:00:00+00:00,2025-11-23 16:00:00+00:00,299.1795716540007,sl,-164.025667884951,7
HBAR,2025-11-23 13:00:00+00:00,0.14329,1.0,0.14887259910726308,0.14169588703224542,2894.3875612960514,2.0,0.882865846157074,3.502,False,2025-11-28 17:00:00+00:00,2025-11-23 18:00:00+00:00,0.14887259910726308,tp,109.87137010333304,7
APT,2025-11-24 09:00:00+00:00,2.242,-1.0,2.1378645608322597,2.27173590809416,5376.20702325983,3.0,0.9887334108352661,3.502,True,2025-11-29 13:00:00+00:00,2025-11-24 12:00:00+00:00,2.27173590809416,sl,-78.29433136878883,7
ICP,2025-11-24 12:00:00+00:00,3.918,-1.0,3.604158594704925,4.007617514062277,3977.1045657011923,3.0,0.9657301306724548,3.502,True,2025-11-29 16:00:00+00:00,2025-11-24 15:00:00+00:00,4.007617514062277,sl,-96.13966532384235,7
DOT,2025-11-25 14:00:00+00:00,2.205,-1.0,2.1265069340107825,2.2274137201987934,5212.675151360488,3.0,0.9535253643989563,3.502,True,2025-11-30 18:00:00+00:00,2025-11-25 16:00:00+00:00,2.2274137201987934,sl,-59.76307285767404,7
TRX,2025-11-21 04:00:00+00:00,0.2757,-1.0,0.26691112552888807,0.2782096659274958,3941.1541923009645,3.0,0.9459419250488281,3.502,False,2025-11-26 08:00:00+00:00,2025-11-26 08:00:00+00:00,0.2753,time,1.776878730877965,7
OP,2025-11-21 12:00:00+00:00,0.3129,-1.0,0.264825443872938,0.3266277049397099,5484.803638194147,3.0,0.9845097661018372,3.502,True,2025-11-26 16:00:00+00:00,2025-11-26 16:00:00+00:00,0.3239,time,-198.3030843033769,7
ICP,2025-11-25 17:00:00+00:00,4.414,-1.0,4.074975462097123,4.510808565665203,2062.6589082225673,2.0,0.8724863529205322,3.502,False,2025-11-30 21:00:00+00:00,2025-11-27 10:00:00+00:00,4.074975462097123,tp,156.3632548234061,7
ATOM,2025-11-28 17:00:00+00:00,2.448,-1.0,2.373030313531495,2.469407618045232,5118.994504229144,3.0,0.954387903213501,3.502,True,2025-12-03 21:00:00+00:00,2025-11-30 23:00:00+00:00,2.373030313531495,tp,151.64955656442245,7
FIL,2025-12-01 00:00:00+00:00,1.46,-1.0,1.3936430190265714,1.4789482572254138,5261.16596350829,3.0,0.9922289252281189,3.502,True,2025-12-06 04:00:00+00:00,2025-12-01 20:00:00+00:00,1.4789482572254138,sl,-75.12028697320956,7
AVAX,2025-12-01 00:00:00+00:00,12.96,-1.0,12.157452442504258,13.189167712755744,5261.16596350829,3.0,0.9876948595046997,3.502,True,2025-12-06 04:00:00+00:00,2025-12-02 12:00:00+00:00,13.189167712755744,sl,-99.87110296595262,7
TAO,2025-12-01 00:00:00+00:00,269.0,-1.0,244.35844013645223,276.03640533189576,3945.874472631217,3.0,0.9824228286743164,3.502,True,2025-12-06 04:00:00+00:00,2025-12-02 12:00:00+00:00,276.03640533189576,sl,-108.34440327618148,7
ASTR,2025-12-01 00:00:00+00:00,0.999,-1.0,0.8801247826362912,1.0329448564912334,3945.874472631217,3.0,0.9900867342948914,3.502,True,2025-12-06 04:00:00+00:00,2025-12-03 00:00:00+00:00,1.0329448564912334,sl,-139.20585573923316,7
LINK,2025-12-03 00:00:00+00:00,13.95,-1.0,12.828390852573023,14.270275852217171,3892.026534090699,3.0,0.9445756077766418,3.502,False,2025-12-08 04:00:00+00:00,2025-12-03 04:00:00+00:00,14.270275852217171,sl,-94.41605851279425,7
DOT,2025-12-03 04:00:00+00:00,2.319,-1.0,2.2342431481961813,2.3432023462495697,4776.51811275763,3.0,0.9509416222572327,3.502,True,2025-12-08 08:00:00+00:00,2025-12-03 21:00:00+00:00,2.3432023462495697,sl,-56.059816466939196,7
DOT,2025-12-03 21:00:00+00:00,2.36,-1.0,2.284443083611376,2.3815753017374917,4723.962034819875,3.0,0.9830793142318726,3.502,True,2025-12-09 01:00:00+00:00,2025-12-03 22:00:00+00:00,2.3815753017374917,sl,-49.32797534767875,7
DOT,2025-12-03 22:00:00+00:00,2.385,-1.0,2.3047452442504257,2.4079167712755742,3742.1736463451402,3.0,0.9254224300384521,3.502,False,2025-12-09 02:00:00+00:00,2025-12-04 14:00:00+00:00,2.3047452442504257,tp,122.18119405173549,7
HBAR,2025-12-04 14:00:00+00:00,0.13902,-1.0,0.13589789425803486,0.13991151829718393,4792.261927354927,3.0,0.971912145614624,3.502,True,2025-12-09 18:00:00+00:00,2025-12-04 15:00:00+00:00,0.13991151829718393,sl,-36.96213150782594,7
TRX,2025-12-04 20:00:00+00:00,0.2862,-1.0,0.2816979039457556,0.28748557497399563,2537.391962168715,2.0,0.9131933450698853,3.502,False,2025-12-10 00:00:00+00:00,2025-12-05 00:00:00+00:00,0.28748557497399563,sl,-14.696260165011282,7
APT,2025-12-05 04:00:00+00:00,1.904,-1.0,1.8325536930522082,1.9244015158916696,4743.832185161642,3.0,0.9854711294174194,3.502,True,2025-12-10 08:00:00+00:00,2025-12-05 13:00:00+00:00,1.8325536930522082,tp,173.2652489124604,7
APT,2025-12-05 16:00:00+00:00,1.755,-1.0,1.6727878111833627,1.7784757169164418,4906.268356017074,3.0,0.9952210783958435,3.502,True,2025-12-10 20:00:00+00:00,2025-12-06 17:00:00+00:00,1.7784757169164418,sl,-72.0067340719126,7
ADA,2025-12-03 04:00:00+00:00,0.4429,-1.0,0.4078815224302468,0.4528995375151226,4776.51811275763,3.0,0.9866483807563782,3.502,True,2025-12-08 08:00:00+00:00,2025-12-07 12:00:00+00:00,0.4078815224302468,tp,372.8852393790534,7
HBAR,2025-12-07 14:00:00+00:00,0.12833,-1.0,0.12434075140932606,0.1294691312160883,5188.341954742518,3.0,0.9605087637901306,3.502,True,2025-12-12 18:00:00+00:00,2025-12-07 15:00:00+00:00,0.1294691312160883,sl,-52.79956503043357,7
DOT,2025-12-09 15:00:00+00:00,2.218,-1.0,2.1469451796656207,2.238289726763496,5138.842362526488,3.0,0.9848334193229675,3.502,True,2025-12-14 19:00:00+00:00,2025-12-09 16:00:00+00:00,2.238289726763496,sl,-53.68938029055449,7
HBAR,2025-12-09 16:00:00+00:00,0.14234,-1.0,0.13811585944127852,0.14354620469299242,5088.508568504092,3.0,0.9961795806884766,3.502,True,2025-12-14 20:00:00+00:00,2025-12-09 21:00:00+00:00,0.13811585944127852,tp,145.92017084430947,7
ICP,2025-12-09 23:00:00+00:00,3.744,-1.0,3.478087782571386,3.819931319076062,2090.123491468253,2.0,0.9050367474555969,3.502,False,2025-12-15 03:00:00+00:00,2025-12-10 11:00:00+00:00,3.478087782571386,tp,146.357892618564,7
ADA,2025-12-09 12:00:00+00:00,0.4672,-1.0,0.43028281235519583,0.4777417147867642,5138.842362526488,3.0,0.9864852428436279,3.502,True,2025-12-14 16:00:00+00:00,2025-12-11 00:00:00+00:00,0.43028281235519583,tp,400.92196194924395,7
FIL,2025-12-11 00:00:00+00:00,1.431,1.0,1.500684617187435,1.4111015351851113,5738.383592327953,3.0,0.9540995955467224,3.502,True,2025-12-16 04:00:00+00:00,2025-12-11 01:00:00+00:00,1.4111015351851113,sl,-87.25376590012614,7
KITE,2025-12-08 08:00:00+00:00,0.0827,-1.0,0.07021674824494997,0.08626459654725707,3083.305417515892,3.0,0.934428334236145,3.502,False,2025-12-13 12:00:00+00:00,2025-12-11 16:00:00+00:00,0.0821,time,19.28650414124472,7
ICP,2025-12-17 18:00:00+00:00,2.884,-1.0,2.6898461711850135,2.939440688164497,1875.0,2.0,0.9164570569992065,3.502,False,2025-12-22 22:00:00+00:00,2025-12-18 13:00:00+00:00,2.939440688164497,sl,-38.48163672275744,8
ATOM,2025-12-18 19:00:00+00:00,1.836,-1.0,1.7537878111833631,1.859475716916442,4651.423465572415,3.0,0.9966424703598022,3.502,True,2025-12-23 23:00:00+00:00,2025-12-18 21:00:00+00:00,1.859475716916442,sl,-65.5215239999463,8
FIL,2025-12-18 19:00:00+00:00,1.167,-1.0,1.1069068048411728,1.1841596311746374,4651.423465572415,3.0,0.9946229457855225,3.502,True,2025-12-23 23:00:00+00:00,2025-12-18 21:00:00+00:00,1.1841596311746374,sl,-74.4416329442126,8
DOT,2025-12-18 19:00:00+00:00,1.727,-1.0,1.6351963891547554,1.7532145505566936,4651.423465572415,3.0,0.9910873770713806,3.502,True,2025-12-23 23:00:00+00:00,2025-12-18 21:00:00+00:00,1.7532145505566936,sl,-76.65193191742635,8
APT,2025-12-19 16:00:00+00:00,1.633,-1.0,1.5658600457997465,1.652171835481761,4448.346819764678,3.0,0.9855755567550659,3.502,True,2025-12-24 20:00:00+00:00,2025-12-19 20:00:00+00:00,1.652171835481761,sl,-58.0075743159959,8
APT,2025-12-20 08:00:00+00:00,1.685,-1.0,1.6219706552405784,1.702998049635939,4393.964718843432,3.0,0.9986650943756104,3.502,True,2025-12-25 12:00:00+00:00,2025-12-20 12:00:00+00:00,1.6219706552405784,tp,159.96729173499514,8
ICP,2025-12-20 20:00:00+00:00,3.121,-1.0,2.9696304179810635,3.1642236327530737,3407.9505411337423,3.0,0.9911394715309143,3.502,True,2025-12-26 00:00:00+00:00,2025-12-20 21:00:00+00:00,3.1642236327530737,sl,-51.62802959344623,8
ICP,2025-12-20 21:00:00+00:00,3.255,-1.0,3.061116957557141,3.310363365028982,3371.6495828258503,3.0,0.9687085151672363,3.502,True,2025-12-26 01:00:00+00:00,2025-12-20 22:00:00+00:00,3.310363365028982,sl,-61.73056891352686,8
FIL,2025-12-20 23:00:00+00:00,1.374,-1.0,1.334655595352038,1.3852348073814402,4437.660368744702,3.0,0.9895461201667786,3.502,True,2025-12-26 03:00:00+00:00,2025-12-21 01:00:00+00:00,1.334655595352038,tp,122.63446862551741,8
HBAR,2025-12-21 13:00:00+00:00,0.10952,-1.0,0.1069538052490807,0.11025277773517751,4552.630183081125,3.0,0.9786746501922607,3.502,True,2025-12-26 17:00:00+00:00,2025-12-21 14:00:00+00:00,0.11025277773517751,sl,-36.37921210377374,8
POL,2025-12-21 13:00:00+00:00,0.1059,-1.0,0.10341406000483026,0.10660986096390193,4552.630183081125,3.0,0.9597352147102356,3.502,True,2025-12-26 17:00:00+00:00,2025-12-21 14:00:00+00:00,0.10660986096390193,sl,-36.435269568987714,8
APT,2025-12-21 13:00:00+00:00,1.56,-1.0,1.5049961308155357,1.5757063725083815,4552.630183081125,3.0,0.9560738205909729,3.502,True,2025-12-26 17:00:00+00:00,2025-12-21 16:00:00+00:00,1.5757063725083815,sl,-51.75515356388565,8
ATOM,2025-12-21 13:00:00+00:00,1.91,-1.0,1.8673279591380312,1.922185014970915,2428.0694309766,2.0,0.9104909300804138,3.502,False,2025-12-26 17:00:00+00:00,2025-12-21 16:00:00+00:00,1.922185014970915,sl,-18.646575269102613,8
APT,2025-12-25 05:00:00+00:00,1.68,-1.0,1.6246046442021231,1.6958181616365549,4418.364985731984,3.0,0.9643958210945129,3.502,True,2025-12-30 09:00:00+00:00,2025-12-25 22:00:00+00:00,1.6246046442021231,tp,141.2702662223062,8
FIL,2025-12-25 22:00:00+00:00,1.228,-1.0,1.1806301197770805,1.2415264845089975,4550.805860315396,3.0,0.9991917014122009,3.502,True,2025-12-31 02:00:00+00:00,2025-12-26 02:00:00+00:00,1.2415264845089975,sl,-56.04341323161142,8
DOT,2025-12-25 23:00:00+00:00,1.685,-1.0,1.642132215831325,1.697240909535002,4550.805860315396,3.0,0.9984217882156372,3.502,True,2025-12-31 03:00:00+00:00,2025-12-26 02:00:00+00:00,1.697240909535002,sl,-38.97598996112678,8
HBAR,2025-12-26 10:00:00+00:00,0.11655,-1.0,0.11263317643280737,0.1176684502273762,4461.7251698222035,3.0,0.9538314342498779,3.502,True,2025-12-31 14:00:00+00:00,2025-12-26 14:00:00+00:00,0.11263317643280737,tp,145.48070550796524,8
ICP,2025-12-26 16:00:00+00:00,2.941,-1.0,2.8172506279380074,2.9763366729305094,3448.584998426941,3.0,0.995353102684021,3.502,True,2025-12-31 20:00:00+00:00,2025-12-26 18:00:00+00:00,2.9763366729305094,sl,-45.91856347737519,8
APT,2025-12-27 11:00:00+00:00,1.732,-1.0,1.6895237024447374,1.7441291204068283,3644.051742380706,3.0,0.9432951807975769,3.502,False,2026-01-01 15:00:00+00:00,2025-12-27 14:00:00+00:00,1.7441291204068283,sl,-30.256402572282095,8
DOT,2025-12-27 15:00:00+00:00,1.802,-1.0,1.7593279591380315,1.814185014970915,4526.699300564368,3.0,0.9527454376220703,3.502,True,2026-01-01 19:00:00+00:00,2025-12-27 17:00:00+00:00,1.814185014970915,sl,-36.493975875532556,8
FIL,2025-12-27 21:00:00+00:00,1.289,-1.0,1.2529832315660447,1.2992845997919649,4492.486198181056,3.0,0.9844862818717957,3.502,True,2026-01-02 01:00:00+00:00,2025-12-27 22:00:00+00:00,1.2992845997919649,sl,-41.68462509038812,8
DOT,2025-12-27 21:00:00+00:00,1.881,-1.0,1.8246259276685919,1.8970976344569888,4492.486198181056,3.0,0.9608294367790222,3.502,True,2026-01-02 01:00:00+00:00,2025-12-27 23:00:00+00:00,1.8970976344569888,sl,-44.287016013715,8
FIL,2025-12-27 22:00:00+00:00,1.31,-1.0,1.2681109323648565,1.321961436714568,4453.406862158817,3.0,0.9608628153800964,3.502,True,2026-01-02 02:00:00+00:00,2025-12-28 03:00:00+00:00,1.321961436714568,sl,-46.45289788716931,8
FIL,2025-12-28 06:00:00+00:00,1.349,-1.0,1.296345050496011,1.3640356377393401,4368.338192876738,3.0,0.982662558555603,3.502,True,2026-01-02 10:00:00+00:00,2025-12-28 07:00:00+00:00,1.3640356377393401,sl,-54.367313031776355,8
FIL,2025-12-28 07:00:00+00:00,1.367,-1.0,1.3098429544417665,1.3833212127133359,4317.368836909447,3.0,0.9773715734481812,3.502,True,2026-01-02 11:00:00+00:00,2025-12-28 21:00:00+00:00,1.3098429544417665,tp,176.2005882244885,8
APT,2025-12-29 05:00:00+00:00,1.786,-1.0,1.7266897780679977,1.8029360529182903,2390.697007130616,2.0,0.9012236595153809,3.502,False,2026-01-03 09:00:00+00:00,2025-12-29 09:00:00+00:00,1.7266897780679977,tp,77.00055162953821,8
ICP,2025-12-31 16:00:00+00:00,2.708,-1.0,2.5948112964509567,2.7403210706454115,3416.0586791419473,3.0,0.9808237552642822,3.502,True,2026-01-05 20:00:00+00:00,2025-12-31 20:00:00+00:00,2.7403210706454115,sl,-45.21291243407265,8
POL,2025-12-31 16:00:00+00:00,0.1005,-1.0,0.09834682362623094,0.10111484020495444,4554.744905522596,3.0,0.9975863695144653,3.502,True,2026-01-05 20:00:00+00:00,2025-12-31 21:00:00+00:00,0.10111484020495444,sl,-33.786245901822916,8
ATOM,2025-12-31 16:00:00+00:00,1.93,-1.0,1.8924172851123944,1.940731756304659,4554.744905522596,3.0,0.9978843331336975,3.502,True,2026-01-05 20:00:00+00:00,2026-01-01 09:00:00+00:00,1.940731756304659,sl,-31.247806903581626,8
POL,2026-01-01 03:00:00+00:00,0.0992,-1.0,0.09663576268214775,0.09993221878953663,4480.683194582694,3.0,0.964611291885376,3.502,True,2026-01-06 07:00:00+00:00,2026-01-01 10:00:00+00:00,0.09993221878953663,sl,-38.897876308547154,8
FIL,2026-01-01 13:00:00+00:00,1.395,-1.0,1.3523279591380313,1.407185014970915,2354.6248621713726,2.0,0.9079108834266663,3.502,False,2026-01-06 17:00:00+00:00,2026-01-01 14:00:00+00:00,1.407185014970915,sl,-23.6281371928278,8
APT,2026-01-01 14:00:00+00:00,1.759,-1.0,1.7167194457514436,1.7710732258427415,4392.770237953047,3.0,0.9864534735679626,3.502,True,2026-01-06 18:00:00+00:00,2026-01-01 15:00:00+00:00,1.7710732258427415,sl,-35.8612023088165,8
APT,2026-01-01 15:00:00+00:00,1.778,-1.0,1.7331747827642623,1.7907998551758695,4359.150360788532,3.0,0.9960846900939941,3.502,True,2026-01-06 19:00:00+00:00,2026-01-01 16:00:00+00:00,1.7907998551758695,sl,-37.04850025413887,8
DOT,2026-01-01 15:00:00+00:00,1.894,-1.0,1.8499577559910871,1.9065762769195225,4359.150360788532,3.0,0.9532387852668762,3.502,True,2026-01-06 19:00:00+00:00,2026-01-01 17:00:00+00:00,1.9065762769195225,sl,-34.611922961693146,8
ATOM,2026-01-01 15:00:00+00:00,2.011,-1.0,1.976549178019695,2.020837443279271,2324.8801924205504,2.0,0.8969889283180237,3.502,False,2026-01-06 19:00:00+00:00,2026-01-01 17:00:00+00:00,2.020837443279271,sl,-14.395231880200003,8
APT,2026-01-01 16:00:00+00:00,1.792,-1.0,1.7442386331636681,1.805638273637171,4324.417391800277,3.0,0.9927147030830383,3.502,True,2026-01-06 20:00:00+00:00,2026-01-01 17:00:00+00:00,1.805638273637171,sl,-38.533342894336634,8
DOT,2026-01-01 17:00:00+00:00,1.943,-1.0,1.8887791040423607,1.9584827942520344,4242.348175172561,3.0,0.9927062392234802,3.502,True,2026-01-06 21:00:00+00:00,2026-01-01 18:00:00+00:00,1.9584827942520344,sl,-39.320201336777444,8
APT,2026-01-01 17:00:00+00:00,1.824,-1.0,1.7701705906557734,1.839371005123861,4242.348175172561,3.0,0.9879940748214722,3.502,True,2026-01-06 21:00:00+00:00,2026-01-01 18:00:00+00:00,1.839371005123861,sl,-41.26568614624376,8
ATOM,2026-01-01 19:00:00+00:00,2.049,-1.0,2.0073066756715625,2.0609055421504814,4166.798905657228,3.0,0.9596269726753235,3.502,True,2026-01-06 23:00:00+00:00,2026-01-01 22:00:00+00:00,2.0609055421504814,sl,-29.627673132689743,8
POL,2026-01-01 19:00:00+00:00,0.105,-1.0,0.10257278299684214,0.1056930925946759,2222.292749683855,2.0,0.8871867656707764,3.502,False,2026-01-06 23:00:00+00:00,2026-01-01 22:00:00+00:00,0.1056930925946759,sl,-17.55807246037777,8
APT,2026-01-01 18:00:00+00:00,1.849,-1.0,1.7898855213747038,1.8658801583542035,4166.798905657228,3.0,0.9850072264671326,3.502,True,2026-01-06 22:00:00+00:00,2026-01-02 03:00:00+00:00,1.8658801583542035,sl,-43.45698209147879,8
POL,2026-01-01 22:00:00+00:00,0.1065,-1.0,0.10360299906074708,0.10732723954848414,3298.049815330982,3.0,0.9240012168884277,3.502,False,2026-01-07 02:00:00+00:00,2026-01-02 03:00:00+00:00,0.10732723954848414,sl,-29.905091427654263,8
HBAR,2026-01-02 09:00:00+00:00,0.11767,-1.0,0.114240577266506,0.11864927276280014,4053.7853252395407,3.0,0.9773675799369812,3.502,True,2026-01-07 13:00:00+00:00,2026-01-02 10:00:00+00:00,0.11864927276280014,sl,-39.006315545451095,8
DOT,2026-01-01 19:00:00+00:00,2.002,-1.0,1.9364259922533964,2.0207246789690667,2222.292749683855,2.0,0.9177150130271912,3.502,False,2026-01-06 23:00:00+00:00,2026-01-02 16:00:00+00:00,2.0207246789690667,sl,-23.674054657064143,8
ATOM,2026-01-02 03:00:00+00:00,2.123,-1.0,2.0678003875088296,2.1387622670724684,4053.7853252395407,3.0,0.9603080749511719,3.502,True,2026-01-07 07:00:00+00:00,2026-01-02 16:00:00+00:00,2.1387622670724684,sl,-35.36735236458153,8
POL,2026-01-02 09:00:00+00:00,0.1098,-1.0,0.1066485327620289,0.11069990248179694,4053.7853252395407,3.0,0.9732462763786316,3.502,True,2026-01-07 13:00:00+00:00,2026-01-02 16:00:00+00:00,0.11069990248179694,sl,-38.494069145535384,8
DOT,2026-01-02 16:00:00+00:00,2.053,-1.0,1.982728152892446,2.073066148507149,3925.777395508948,3.0,0.9637928605079651,3.502,True,2026-01-07 20:00:00+00:00,2026-01-02 19:00:00+00:00,2.073066148507149,sl,-43.474300786734354,8
HBAR,2026-01-02 10:00:00+00:00,0.11934,-1.0,0.11575985492034216,0.12036231157714697,4017.216904415681,3.0,0.967968761920929,3.502,True,2026-01-07 14:00:00+00:00,2026-01-02 20:00:00+00:00,0.12036231157714697,sl,-39.63538138327056,8
DOT,2026-01-02 19:00:00+00:00,2.113,-1.0,2.0305920678766567,2.1365316114805286,3885.0202385213843,3.0,0.9713051319122314,3.502,True,2026-01-07 23:00:00+00:00,2026-01-02 22:00:00+00:00,2.1365316114805286,sl,-48.31639798394239,8
SUI,2026-01-02 20:00:00+00:00,1.6078,-1.0,1.518893390094008,1.6331873110082094,3847.8620684745683,3.0,0.9914347529411316,3.502,True,2026-01-08 00:00:00+00:00,2026-01-03 00:00:00+00:00,1.6331873110082094,sl,-65.76031936363817,8
POL,2026-01-02 16:00:00+00:00,0.1127,-1.0,0.10839364725246187,0.11392968040990886,3925.777395508948,3.0,0.9547129273414612,3.502,True,2026-01-07 20:00:00+00:00,2026-01-03 01:00:00+00:00,0.11392968040990886,sl,-47.9380408441564,8
POL,2026-01-03 02:00:00+00:00,0.1149,-1.0,0.11098513386587444,0.11601789128173533,3695.973232669815,3.0,0.9816375374794006,3.502,True,2026-01-08 06:00:00+00:00,2026-01-03 03:00:00+00:00,0.11601789128173533,sl,-40.76382746816888,8
ATOM,2026-01-03 03:00:00+00:00,2.241,-1.0,2.1760132221735153,2.2595569952768066,3657.757144418407,3.0,0.9808886647224426,3.502,True,2026-01-08 07:00:00+00:00,2026-01-03 09:00:00+00:00,2.1760132221735153,tp,102.41357301513374,8
LTC,2026-01-03 00:00:00+00:00,82.68,-1.0,79.80061595835065,83.50220903771634,3740.9151459612112,3.0,0.9847294688224792,3.502,True,2026-01-08 04:00:00+00:00,2026-01-05 16:00:00+00:00,83.50220903771634,sl,-42.06461980996277,8
DOT,2026-01-03 00:00:00+00:00,2.192,-1.0,2.0819922616310715,2.223412745016763,3740.9151459612112,3.0,0.9935576319694519,3.502,True,2026-01-08 04:00:00+00:00,2026-01-06 06:00:00+00:00,2.223412745016763,sl,-58.47286743127606,8
TAO,2026-01-04 08:00:00+00:00,266.6,-1.0,236.59686996833966,275.16740341509944,2815.3274018400707,3.0,0.9917540550231934,3.502,True,2026-01-09 12:00:00+00:00,2026-01-06 08:00:00+00:00,275.16740341509944,sl,-94.13271480899223,8
ATOM,2026-01-06 11:00:00+00:00,2.423,-1.0,2.3593834253204595,2.4411657333281993,1904.675495838935,2.0,0.9186193943023682,3.502,False,2026-01-11 15:00:00+00:00,2026-01-06 12:00:00+00:00,2.4411657333281993,sl,-16.755825207803905,8
POL,2026-01-06 13:00:00+00:00,0.1285,-1.0,0.12536810709269955,0.12939431302538826,3555.5579685656867,3.0,0.9636082649230957,3.502,True,2026-01-11 17:00:00+00:00,2026-01-06 14:00:00+00:00,0.12939431302538826,sl,-29.367609046382835,8
ATOM,2026-01-06 14:00:00+00:00,2.535,-1.0,2.4572899072376075,2.5571901419424465,3528.025835084703,3.0,0.9921150803565979,3.502,True,2026-01-11 18:00:00+00:00,2026-01-06 16:00:00+00:00,2.4572899072376075,tp,104.62314375566476,8
POL,2026-01-06 14:00:00+00:00,0.1316,-1.0,0.1279591744952632,0.13263963889201386,3528.025835084703,3.0,0.9814466238021851,3.502,True,2026-01-11 18:00:00+00:00,2026-01-06 16:00:00+00:00,0.1279591744952632,tp,94.07779819034627,8
APT,2026-01-06 17:00:00+00:00,1.871,-1.0,1.7905495009437196,1.893972665839661,2971.4463745272706,3.0,0.9360758066177368,3.502,False,2026-01-11 21:00:00+00:00,2026-01-06 18:00:00+00:00,1.893972665839661,sl,-40.347137166889205,8
TAO,2026-01-06 08:00:00+00:00,283.8,-1.0,251.84720808902597,292.9241299908099,2678.4499160235023,3.0,0.9898927807807922,3.502,True,2026-01-11 12:00:00+00:00,2026-01-06 20:00:00+00:00,292.9241299908099,sl,-89.59377209193075,8
TRX,2026-01-03 20:00:00+00:00,0.2956,-1.0,0.29100003229240246,0.296913522256039,3003.0158952960755,3.0,0.9451979398727417,3.502,False,2026-01-09 00:00:00+00:00,2026-01-07 16:00:00+00:00,0.296913522256039,sl,-17.248062117573614,8
APT,2026-01-08 06:00:00+00:00,1.826,-1.0,1.76551531822776,1.8432714203028109,3576.3183074937197,3.0,0.9692105054855347,3.502,True,2026-01-13 10:00:00+00:00,2026-01-08 07:00:00+00:00,1.8432714203028109,sl,-38.476210856347,8
POL,2026-01-08 19:00:00+00:00,0.1373,-1.0,0.12882431481961815,0.139720234624957,1888.131658568477,2.0,0.9139398336410522,3.502,False,2026-01-13 23:00:00+00:00,2026-01-09 03:00:00+00:00,0.139720234624957,sl,-35.73732145872393,8
POL,2026-01-09 03:00:00+00:00,0.1413,-1.0,0.13284388915028877,0.14371464516854832,3506.743120948341,3.0,0.9843730926513672,3.502,True,2026-01-14 07:00:00+00:00,2026-01-09 05:00:00+00:00,0.14371464516854832,sl,-64.48474153025424,8
POL,2026-01-09 05:00:00+00:00,0.1462,-1.0,0.13837026773174885,0.14843578256347068,3446.2886757637275,3.0,0.9687661528587341,3.502,True,2026-01-14 09:00:00+00:00,2026-01-09 07:00:00+00:00,0.14843578256347068,sl,-57.18299422486081,8
POL,2026-01-09 13:00:00+00:00,0.1534,-1.0,0.14273198978450782,0.1564462537427288,2714.143694942336,3.0,0.9348098635673523,3.502,False,2026-01-14 17:00:00+00:00,2026-01-09 15:00:00+00:00,0.1564462537427288,sl,-57.42649885702248,8
POL,2026-01-09 15:00:00+00:00,0.1583,-1.0,0.14557668506409188,0.16193314666563982,3338.842275999462,3.0,0.9772696495056152,3.502,True,2026-01-14 19:00:00+00:00,2026-01-10 05:00:00+00:00,0.16193314666563982,sl,-80.97033502288475,8
POL,2026-01-10 06:00:00+00:00,0.1717,-1.0,0.16077752348578964,0.17481891667604157,3262.9325869155073,3.0,0.9800645709037781,3.502,True,2026-01-15 10:00:00+00:00,2026-01-10 12:00:00+00:00,0.17481891667604157,sl,-63.51272009816941,8
POL,2026-01-10 18:00:00+00:00,0.1815,-1.0,0.16593840711685084,0.18594361784489793,1708.4743529725192,2.0,0.8774800896644592,3.502,False,2026-01-15 22:00:00+00:00,2026-01-11 15:00:00+00:00,0.16593840711685084,tp,144.77407293220656,8
TRX,2026-01-10 20:00:00+00:00,0.3024,-1.0,0.29780003229240243,0.30371352225603904,3203.389411823474,3.0,0.9928802847862244,3.502,True,2026-01-16 00:00:00+00:00,2026-01-12 04:00:00+00:00,0.29780003229240243,tp,45.52507569812351,8
LTC,2026-01-11 20:00:00+00:00,78.79,-1.0,76.44891005179292,79.45849898647774,1780.8613894386226,2.0,0.9032495021820068,3.502,False,2026-01-17 00:00:00+00:00,2026-01-12 12:00:00+00:00,76.44891005179292,tp,51.133933609480806,8
ICP,2026-01-13 11:00:00+00:00,3.335,-1.0,3.180922554259795,3.378996864108227,2572.2996948174723,3.0,0.954501748085022,3.502,True,2026-01-18 15:00:00+00:00,2026-01-13 12:00:00+00:00,3.378996864108227,sl,-37.2789581545426,8
FIL,2026-01-13 12:00:00+00:00,1.536,-1.0,1.492544985911206,1.5484085932272622,3394.783903153413,3.0,0.967688798904419,3.502,True,2026-01-18 16:00:00+00:00,2026-01-13 15:00:00+00:00,1.5484085932272622,sl,-31.838018910484923,8
DOT,2026-01-13 14:00:00+00:00,2.186,-1.0,2.1124005166784388,2.207016356096624,3394.783903153413,3.0,0.9561992883682251,3.502,True,2026-01-18 18:00:00+00:00,2026-01-13 15:00:00+00:00,2.207016356096624,sl,-37.05090771991812,8
DOT,2026-01-13 15:00:00+00:00,2.242,-1.0,2.1576346348095936,2.2660905571213963,1776.1069516999519,2.0,0.8789993524551392,3.502,False,2026-01-18 19:00:00+00:00,2026-01-13 22:00:00+00:00,2.2660905571213963,sl,-21.393419846146934,8
APT,2026-01-13 16:00:00+00:00,1.95,-1.0,1.8705282174772508,1.9726931930192273,3330.20053443741,3.0,0.9838189482688904,3.502,True,2026-01-18 20:00:00+00:00,2026-01-13 22:00:00+00:00,1.9726931930192273,sl,-43.084585577190275,8
ICP,2026-01-14 14:00:00+00:00,4.18,-1.0,3.7662384233900985,4.298149751067436,2452.314303264773,3.0,0.9560285210609436,3.502,True,2026-01-19 18:00:00+00:00,2026-01-14 17:00:00+00:00,4.298149751067436,sl,-72.50387569229373,8
HBAR,2026-01-14 03:00:00+00:00,0.12644,-1.0,0.12112948408905866,0.12795641952367398,2615.8019234824246,3.0,0.9246863126754761,3.502,False,2026-01-19 07:00:00+00:00,2026-01-15 02:00:00+00:00,0.12112948408905866,tp,107.24862179151577,8
APT,2026-01-15 15:00:00+00:00,1.861,-1.0,1.7930770725729213,1.880395413738108,3302.325603821052,3.0,0.9926769733428955,3.502,True,2026-01-20 19:00:00+00:00,2026-01-15 19:00:00+00:00,1.7930770725729213,tp,117.22621944127366,8
APT,2026-01-15 19:00:00+00:00,1.784,-1.0,1.710204773371733,1.805072250660711,3412.225184547246,3.0,0.9904395341873169,3.502,True,2026-01-20 23:00:00+00:00,2026-01-16 02:00:00+00:00,1.805072250660711,sl,-44.74041314325818,8
DOT,2026-01-15 18:00:00+00:00,2.115,-1.0,2.0357239607839572,2.137637298455141,2641.860483056841,3.0,0.9392751455307007,3.502,False,2026-01-20 22:00:00+00:00,2026-01-16 08:00:00+00:00,2.137637298455141,sl,-31.710817791945374,8
ATOM,2026-01-15 14:00:00+00:00,2.5,-1.0,2.438928088307641,2.517439103995071,3302.325603821052,3.0,0.9821420907974243,3.502,True,2026-01-20 18:00:00+00:00,2026-01-16 15:00:00+00:00,2.438928088307641,tp,77.36940945856917,8
POL,2026-01-16 10:00:00+00:00,0.1451,-1.0,0.14091109323648565,0.1462961436714568,3340.5521555454925,3.0,0.9531107544898987,3.502,True,2026-01-21 14:00:00+00:00,2026-01-16 15:00:00+00:00,0.14091109323648565,tp,93.09819021686644,8
HBAR,2026-01-16 15:00:00+00:00,0.11503,-1.0,0.11249708161122074,0.11575327565928276,3500.3655302412135,3.0,0.9814586043357849,3.502,True,2026-01-21 19:00:00+00:00,2026-01-16 16:00:00+00:00,0.11575327565928276,sl,-26.559770039490672,8
POL,2026-01-16 15:00:00+00:00,0.1391,-1.0,0.13420641733234304,0.14049736410216918,3500.3655302412135,3.0,0.9520723819732666,3.502,True,2026-01-21 19:00:00+00:00,2026-01-16 16:00:00+00:00,0.14049736410216918,sl,-39.71427918952521,8
DOT,2026-01-16 15:00:00+00:00,2.074,-1.0,2.012928088307641,2.091439103995071,3500.3655302412135,3.0,0.9878848195075989,3.502,True,2026-01-21 19:00:00+00:00,2026-01-16 19:00:00+00:00,2.091439103995071,sl,-33.98308777496405,8
FIL,2026-01-17 14:00:00+00:00,1.582,-1.0,1.525821670975298,1.598041739892902,3406.3744642999823,3.0,0.9815073013305664,3.502,True,2026-01-22 18:00:00+00:00,2026-01-18 04:00:00+00:00,1.525821670975298,tp,117.55723200648849,8
KITE,2026-01-14 08:00:00+00:00,0.0968,-1.0,0.09038236298059249,0.09863255831171351,2452.314303264773,3.0,0.991583526134491,3.502,True,2026-01-19 12:00:00+00:00,2026-01-19 00:00:00+00:00,0.09038236298059249,tp,160.13098172829035,8
NEAR,2026-01-18 20:00:00+00:00,1.629,-1.0,1.5156646254170647,1.661362952606238,3516.5843693060647,3.0,0.9514356255531311,3.502,True,2026-01-24 00:00:00+00:00,2026-01-19 00:00:00+00:00,1.5156646254170647,tp,241.1448071271937,8
FIL,2026-01-18 23:00:00+00:00,1.45,-1.0,1.375617543451614,1.4712399343529712,3516.5843693060647,3.0,0.9966369867324829,3.502,True,2026-01-24 03:00:00+00:00,2026-01-19 00:00:00+00:00,1.375617543451614,tp,176.87802531941222,8
TRX,2026-01-17 20:00:00+00:00,0.3188,-1.0,0.3107353757637013,0.32110285604037475,3406.3744642999823,3.0,0.9839046597480774,3.502,True,2026-01-23 00:00:00+00:00,2026-01-19 12:00:00+00:00,0.3107353757637013,tp,82.76404605860633,8
LINK,2026-01-19 00:00:00+00:00,12.86,-1.0,12.229706552405782,13.039980496359387,4058.6035700950297,3.0,0.9959598183631897,3.502,True,2026-01-24 04:00:00+00:00,2026-01-20 16:00:00+00:00,12.229706552405782,tp,194.8613992769809,8
KITE,2026-01-21 00:00:00+00:00,0.1036,-1.0,0.09000652411922969,0.10748162140286997,2591.3264550582853,3.0,0.9223511219024658,3.502,False,2026-01-26 04:00:00+00:00,2026-01-21 12:00:00+00:00,0.10748162140286997,sl,-100.45895826973623,8
KITE,2026-01-21 12:00:00+00:00,0.1111,-1.0,0.09853551233331191,0.1146877934879117,2534.818291031559,3.0,0.9435582160949707,3.502,False,2026-01-26 16:00:00+00:00,2026-01-23 00:00:00+00:00,0.1146877934879117,sl,-85.15309057944333,8
POL,2026-01-23 14:00:00+00:00,0.1282,-1.0,0.12408939055916816,0.1293737858458221,2210.595268960553,2.0,0.8746673464775085,3.502,False,2026-01-28 18:00:00+00:00,2026-01-23 15:00:00+00:00,0.1293737858458221,sl,-23.113753861717143,8
ASTR,2026-01-19 00:00:00+00:00,0.638,-1.0,0.5545977973849152,0.6618155257387242,1623.441428038012,2.0,0.9028202891349792,3.502,False,2026-01-24 04:00:00+00:00,2026-01-24 04:00:00+00:00,0.636,time,3.465716653585855,8
ATOM,2026-01-24 13:00:00+00:00,2.304,-1.0,2.256434376470374,2.3175823790730843,4126.446094418414,3.0,0.9558504819869995,3.502,True,2026-01-29 17:00:00+00:00,2026-01-24 14:00:00+00:00,2.3175823790730843,sl,-29.690315286910508,8
DOT,2026-01-25 16:00:00+00:00,1.848,-1.0,1.798672686710018,1.8620854301498653,4098.6114238369355,3.0,0.9684184193611145,3.502,True,2026-01-30 20:00:00+00:00,2026-01-25 19:00:00+00:00,1.798672686710018,tp,105.30262762243149,8
POL,2026-01-25 16:00:00+00:00,0.1202,-1.0,0.11722470173806457,0.12104959737411886,3278.889139069548,3.0,0.9389219880104065,3.502,False,2026-01-30 20:00:00+00:00,2026-01-25 19:00:00+00:00,0.11722470173806457,tp,77.88311715504521,8
DOT,2026-01-25 19:00:00+00:00,1.791,-1.0,1.7305153182277597,1.8082714203028107,3416.2784476526563,3.0,0.9325236678123474,3.502,False,2026-01-30 23:00:00+00:00,2026-01-25 21:00:00+00:00,1.8082714203028107,sl,-37.38587495841026,8
KITE,2026-01-23 16:00:00+00:00,0.12,-1.0,0.10072001030456482,0.12550540724869205,1649.2787940222709,2.0,0.8753459453582764,3.502,False,2026-01-28 20:00:00+00:00,2026-01-27 08:00:00+00:00,0.12550540724869205,sl,-77.81032432993149,8
ARB,2026-01-22 12:00:00+00:00,0.177,-1.0,0.16032267026862504,0.1817622168601925,3379.757721375412,3.0,0.929287850856781,3.502,False,2026-01-27 16:00:00+00:00,2026-01-27 16:00:00+00:00,0.1703,time,124.55457410469921,8
KITE,2026-01-28 04:00:00+00:00,0.1341,-1.0,0.11059574289938519,0.14081164816273134,3209.3411519671167,3.0,0.9864328503608704,3.502,True,2026-02-02 08:00:00+00:00,2026-01-28 16:00:00+00:00,0.14081164816273134,sl,-164.79830789858778,8
ASTR,2026-01-28 04:00:00+00:00,0.697,-1.0,0.6182011657110724,0.7195010324349633,2567.4729215736934,3.0,0.9255497455596924,3.502,False,2026-02-02 08:00:00+00:00,2026-01-29 12:00:00+00:00,0.6182011657110724,tp,287.6963338049602,8
POL,2026-01-29 18:00:00+00:00,0.1097,-1.0,0.10556981622849752,0.11087937530223078,2343.6471654631355,2.0,0.9123250246047974,3.502,False,2026-02-03 22:00:00+00:00,2026-01-29 19:00:00+00:00,0.11087937530223078,sl,-28.2430912156526,8
UNI,2026-01-29 12:00:00+00:00,4.455,-1.0,4.179197680850853,4.533755440798254,4394.338435243379,3.0,0.9947850108146667,3.502,True,2026-02-03 16:00:00+00:00,2026-01-30 04:00:00+00:00,4.179197680850853,tp,267.6525148905381,8
AVAX,2026-01-29 12:00:00+00:00,11.01,-1.0,10.268132867583203,11.221840397888846,4394.338435243379,3.0,0.9995854496955872,3.502,True,2026-02-03 16:00:00+00:00,2026-01-31 12:00:00+00:00,10.268132867583203,tp,291.7015065986276,8
OP,2026-01-29 12:00:00+00:00,0.268,-1.0,0.24729035815047573,0.27391364488037995,4394.338435243379,3.0,0.9669288992881775,3.502,True,2026-02-03 16:00:00+00:00,2026-01-31 12:00:00+00:00,0.24729035815047573,tp,335.1772106673287,8
DOT,2026-01-31 08:00:00+00:00,1.634,-1.0,1.5860428898569616,1.6476941682012578,4618.784769938585,3.0,0.982391893863678,3.502,True,2026-02-05 12:00:00+00:00,2026-01-31 14:00:00+00:00,1.5860428898569616,tp,130.94031555988542,8
ARB,2026-01-31 12:00:00+00:00,0.1417,-1.0,0.1267452113676403,0.14597034469622897,5206.483567375419,3.0,0.9566896557807922,3.502,True,2026-02-05 16:00:00+00:00,2026-01-31 16:00:00+00:00,0.1267452113676403,tp,544.2773644774618,8
ATOM,2026-01-31 14:00:00+00:00,1.977,-1.0,1.9092728158796277,1.9963395191740212,5329.240113212812,3.0,0.9654499292373657,3.502,True,2026-02-05 18:00:00+00:00,2026-01-31 17:00:00+00:00,1.9092728158796277,tp,177.23749047314945,8
DOT,2026-01-31 14:00:00+00:00,1.567,-1.0,1.5080812646814101,1.5838242637901168,2842.2613937134997,2.0,0.8964532613754272,3.502,False,2026-02-05 18:00:00+00:00,2026-01-31 17:00:00+00:00,1.5080812646814101,tp,104.02592415986142,8
ASTR,2026-01-31 12:00:00+00:00,0.543,-1.0,0.4503910607326007,0.5694445123462456,3123.8901404252515,3.0,0.9404709935188293,3.502,False,2026-02-05 16:00:00+00:00,2026-02-02 12:00:00+00:00,0.5694445123462456,sl,-156.19687925767317,8
POL,2026-02-02 18:00:00+00:00,0.1156,-1.0,0.10857281528924459,0.11760661485071491,5956.750019324811,3.0,0.9728455543518066,3.502,True,2026-02-07 22:00:00+00:00,2026-02-03 10:00:00+00:00,0.11760661485071491,sl,-111.14259034323251,8
DOT,2026-02-03 18:00:00+00:00,1.434,-1.0,1.3697961954003406,1.4523334170204594,5852.55384087803,3.0,0.9992951154708862,3.502,True,2026-02-08 22:00:00+00:00,2026-02-03 19:00:00+00:00,1.4523334170204594,sl,-82.43210674314737,8
TRX,2026-01-31 16:00:00+00:00,0.2857,-1.0,0.27798771371577263,0.2879022458250186,5839.500142410432,3.0,0.9695960879325867,3.502,True,2026-02-05 20:00:00+00:00,2026-02-05 12:00:00+00:00,0.27798771371577263,tp,151.79402052631826,8
FIL,2026-02-05 11:00:00+00:00,1.003,-1.0,0.9487791040423607,1.0184827942520343,5775.273740806329,3.0,0.9975985884666443,3.502,True,2026-02-10 15:00:00+00:00,2026-02-05 15:00:00+00:00,0.9487791040423607,tp,306.42863117160243,8
SUI,2026-02-05 08:00:00+00:00,1.0095,-1.0,0.8860251221296795,1.0447582910259323,5775.273740806329,3.0,0.958645224571228,3.502,True,2026-02-10 12:00:00+00:00,2026-02-05 20:00:00+00:00,0.8860251221296795,tp,700.6152362282186,8
TRX,2026-02-05 12:00:00+00:00,0.2776,-1.0,0.2720604644202123,0.2791818161636555,5917.580635049753,3.0,0.9932317733764648,3.502,True,2026-02-10 16:00:00+00:00,2026-02-05 20:00:00+00:00,0.2720604644202123,tp,112.16832885385809,8
POL,2026-02-05 15:00:00+00:00,0.0983,-1.0,0.09203621418539908,0.10008862605077654,6204.85747677313,3.0,0.9916290044784546,3.502,True,2026-02-10 19:00:00+00:00,2026-02-05 20:00:00+00:00,0.09203621418539908,tp,389.1755926212127,8
DOT,2026-02-05 15:00:00+00:00,1.328,-1.0,1.243634634809594,1.3520905571213966,4963.885981418504,3.0,0.9268573522567749,3.502,False,2026-02-10 19:00:00+00:00,2026-02-05 20:00:00+00:00,1.243634634809594,tp,310.38253991158587,8
KITE,2026-02-05 20:00:00+00:00,0.1291,-1.0,0.10554158562495983,0.1358271127898344,5717.008363715307,3.0,0.9796428084373474,3.502,True,2026-02-11 00:00:00+00:00,2026-02-06 04:00:00+00:00,0.1358271127898344,sl,-305.3326537321597,8
TRX,2026-02-05 20:00:00+00:00,0.2696,-1.0,0.26267068694259776,0.27157866756867155,7622.677818287076,3.0,0.9923944473266602,3.502,True,2026-02-11 00:00:00+00:00,2026-02-06 12:00:00+00:00,0.27157866756867155,sl,-65.85438244521458,8
TAO,2026-02-05 20:00:00+00:00,160.7,-1.0,127.28496167954071,170.2416749225927,5717.008363715307,3.0,0.966812014579773,3.502,True,2026-02-11 00:00:00+00:00,2026-02-06 12:00:00+00:00,170.2416749225927,sl,-346.88348197622196,8
OP,2026-02-05 20:00:00+00:00,0.182,-1.0,0.1511704291937611,0.19080339384366574,7622.677818287076,3.0,0.9911631345748901,3.502,True,2026-02-11 00:00:00+00:00,2026-02-06 16:00:00+00:00,0.19080339384366574,sl,-378.62066236023395,8
HBAR,2026-02-06 16:00:00+00:00,0.09397,-1.0,0.08722272821783458,0.09589668562407085,5275.623869244288,3.0,0.9398258328437805,3.502,False,2026-02-11 20:00:00+00:00,2026-02-07 10:00:00+00:00,0.08722272821783458,tp,373.5268457090286,8
KITE,2026-02-08 08:00:00+00:00,0.1609,-1.0,0.134092149159437,0.16855499041601846,5208.533440805681,3.0,0.9705326557159424,3.502,True,2026-02-13 12:00:00+00:00,2026-02-09 08:00:00+00:00,0.16855499041601846,sl,-254.57266942630528,8
POL,2026-02-09 10:00:00+00:00,0.0922,-1.0,0.08865704614861636,0.09321169160997048,3576.5596676375535,2.0,0.9149286150932312,3.502,False,2026-02-14 14:00:00+00:00,2026-02-09 14:00:00+00:00,0.09321169160997048,sl,-43.89438015261095,8
ICP,2026-02-09 10:00:00+00:00,2.35,-1.0,2.2045877181678555,2.391522523771737,2682.419750728165,2.0,0.9054138660430908,3.502,False,2026-02-14 14:00:00+00:00,2026-02-09 14:00:00+00:00,2.391522523771737,sl,-50.88324689525992,8
KITE,2026-02-09 12:00:00+00:00,0.1798,-1.0,0.15377742963860502,0.18723075332302397,5029.53703261531,3.0,0.9740728139877319,3.502,True,2026-02-14 16:00:00+00:00,2026-02-09 16:00:00+00:00,0.18723075332302397,sl,-214.39851504105613,8
POL,2026-02-10 18:00:00+00:00,0.0902,-1.0,0.08677449213264013,0.09117815487151841,6416.196743612043,3.0,0.9508064985275269,3.502,True,2026-02-15 22:00:00+00:00,2026-02-10 20:00:00+00:00,0.09117815487151841,sl,-77.92014779978507,8
ATOM,2026-02-11 06:00:00+00:00,1.883,-1.0,1.836608836310612,1.8962470116885637,3383.0115226931975,2.0,0.9139814972877502,3.502,False,2026-02-16 10:00:00+00:00,2026-02-11 11:00:00+00:00,1.8962470116885637,sl,-28.197592719098825,8
DOT,2026-02-11 04:00:00+00:00,1.258,-1.0,1.2225704614861637,1.2681169160997048,5074.517284039796,3.0,0.929951012134552,3.502,False,2026-02-16 08:00:00+00:00,2026-02-11 21:00:00+00:00,1.2681169160997048,sl,-47.406463573490505,8
KITE,2026-02-09 16:00:00+00:00,0.1905,-1.0,0.16176956591733604,0.19870398467817738,2566.4786974448175,2.0,0.8794736862182617,3.502,False,2026-02-14 20:00:00+00:00,2026-02-12 00:00:00+00:00,0.16176956591733604,tp,384.4993850374611,8
HBAR,2026-02-12 06:00:00+00:00,0.09265,-1.0,0.08988023221010616,0.09344090808182774,6632.7359757480635,3.0,0.9796016216278076,3.502,True,2026-02-17 10:00:00+00:00,2026-02-12 07:00:00+00:00,0.09344090808182774,sl,-65.24300455960885,8
HBAR,2026-02-12 09:00:00+00:00,0.09552,-1.0,0.09277763627304503,0.09630308284285559,6571.57065897343,3.0,0.9972231388092041,3.502,True,2026-02-17 13:00:00+00:00,2026-02-12 10:00:00+00:00,0.09630308284285559,sl,-62.417458038149256,8
HBAR,2026-02-12 10:00:00+00:00,0.09654,-1.0,0.09362342473007645,0.09737282900489282,6513.054292062665,3.0,0.9978253841400146,3.502,True,2026-02-17 14:00:00+00:00,2026-02-12 15:00:00+00:00,0.09362342473007645,tp,190.25318850780664,8
ICP,2026-02-12 09:00:00+00:00,2.458,-1.0,2.326668609518455,2.495501720724939,4928.677994230073,3.0,0.9850412011146545,3.502,True,2026-02-17 13:00:00+00:00,2026-02-12 16:00:00+00:00,2.326668609518455,tp,258.4114905240891,8
APT,2026-02-12 16:00:00+00:00,0.898,-1.0,0.856502418978269,0.9098496475863945,6933.677428655067,3.0,0.9997625946998596,3.502,True,2026-02-17 20:00:00+00:00,2026-02-12 22:00:00+00:00,0.9098496475863945,sl,-100.50780516426784,8
KITE,2026-02-13 00:00:00+00:00,0.202,-1.0,0.16149035872981599,0.21356754107309459,5129.588520985175,3.0,0.9751249551773071,3.502,True,2026-02-18 04:00:00+00:00,2026-02-13 12:00:00+00:00,0.21356754107309459,sl,-300.4146329216889,8
KITE,2026-02-13 12:00:00+00:00,0.2189,-1.0,0.16853373478439687,0.23328210320585288,4918.359482212112,3.0,0.9669471383094788,3.502,True,2026-02-18 16:00:00+00:00,2026-02-13 16:00:00+00:00,0.23328210320585288,sl,-329.5384706921552,8
ATOM,2026-02-13 15:00:00+00:00,2.061,-1.0,2.002668494601529,2.0776565800978566,6557.812642949482,3.0,0.9966964721679688,3.502,True,2026-02-18 19:00:00+00:00,2026-02-13 16:00:00+00:00,2.0776565800978566,sl,-61.52405578276545,8
FIL,2026-02-13 16:00:00+00:00,0.947,-1.0,0.9158768142337017,0.9558872356897958,4952.953219503395,3.0,0.9331345558166504,3.502,False,2026-02-18 20:00:00+00:00,2026-02-13 20:00:00+00:00,0.9558872356897958,sl,-52.92042590368598,8
POL,2026-02-13 02:00:00+00:00,0.0987,-1.0,0.09423705260709685,0.09997439606117828,3647.7073927005686,2.0,0.8847509622573853,3.502,False,2026-02-18 06:00:00+00:00,2026-02-13 22:00:00+00:00,0.09997439606117828,sl,-51.84053970765871,8
ATOM,2026-02-13 21:00:00+00:00,2.112,-1.0,2.0454472757198654,2.131004151789501,6141.578625094538,3.0,0.9710232615470886,3.502,True,2026-02-19 01:00:00+00:00,2026-02-14 01:00:00+00:00,2.131004151789501,sl,-63.2470694562072,8
POL,2026-02-13 22:00:00+00:00,0.1006,-1.0,0.09690045150325133,0.10165640726123988,4874.382495294887,3.0,0.9351319670677185,3.502,False,2026-02-19 02:00:00+00:00,2026-02-14 01:00:00+00:00,0.10165640726123988,sl,-57.522910584739364,8
DOT,2026-02-14 08:00:00+00:00,1.363,-1.0,1.3352044504477083,1.3709370281003208,5979.756262830222,3.0,0.9943089485168457,3.502,True,2026-02-19 12:00:00+00:00,2026-02-14 11:00:00+00:00,1.3709370281003208,sl,-42.59502832961245,8
POL,2026-02-14 11:00:00+00:00,0.1071,-1.0,0.10349832315660448,0.10812845997919651,5939.82342377121,3.0,0.9901288151741028,3.502,True,2026-02-19 15:00:00+00:00,2026-02-14 14:00:00+00:00,0.10812845997919651,sl,-64.76071232618445,8
APT,2026-02-14 08:00:00+00:00,0.966,-1.0,0.9391831669812398,0.973657555279887,5979.756262830222,3.0,0.9780162572860718,3.502,True,2026-02-19 12:00:00+00:00,2026-02-14 15:00:00+00:00,0.973657555279887,sl,-55.175664656040404,8
POL,2026-02-14 14:00:00+00:00,0.1103,-1.0,0.10597407292179124,0.11153526986631754,5879.110255965413,3.0,0.96975177526474,3.502,True,2026-02-19 18:00:00+00:00,2026-02-14 15:00:00+00:00,0.11153526986631754,sl,-73.48407397602331,8
FIL,2026-02-14 15:00:00+00:00,1.002,-1.0,0.9724427606873519,1.0104400791771018,5758.491750997853,3.0,0.9894195795059204,3.502,True,2026-02-19 19:00:00+00:00,2026-02-14 16:00:00+00:00,1.0104400791771018,sl,-55.991155363232615,8
POL,2026-02-14 15:00:00+00:00,0.1119,-1.0,0.10735875528441434,0.11319675388681298,5758.491750997853,3.0,0.970093846321106,3.502,True,2026-02-19 19:00:00+00:00,2026-02-14 16:00:00+00:00,0.11319675388681298,sl,-74.21835884990722,8
POL,2026-02-14 16:00:00+00:00,0.1178,-1.0,0.1123191874122242,0.11936504779442947,5636.4203314230335,3.0,0.9852073192596436,3.502,True,2026-02-19 20:00:00+00:00,2026-02-14 18:00:00+00:00,0.1123191874122242,tp,256.60605422255674,8
HBAR,2026-02-14 00:00:00+00:00,0.10377,-1.0,0.09958892296875389,0.10496390788889333,3249.5883301965914,2.0,0.8747190237045288,3.502,False,2026-02-19 04:00:00+00:00,2026-02-14 19:00:00+00:00,0.10496390788889333,sl,-41.61204450620851,8
FIL,2026-02-14 16:00:00+00:00,1.013,-1.0,0.9820725575404079,1.021831341125709,5636.4203314230335,3.0,0.9959062337875366,3.502,True,2026-02-19 20:00:00+00:00,2026-02-14 19:00:00+00:00,1.021831341125709,sl,-56.46569852826244,8
APT,2026-02-14 19:00:00+00:00,1.005,-1.0,0.9723108677800514,1.0143343922024899,5785.040623161864,3.0,0.9519766569137573,3.502,True,2026-02-19 23:00:00+00:00,2026-02-15 02:00:00+00:00,0.9723108677800514,tp,182.38208159406352,8
DOT,2026-02-14 19:00:00+00:00,1.426,-1.0,1.384698162284975,1.4377937530223077,5785.040623161864,3.0,0.9756358861923218,3.502,True,2026-02-19 23:00:00+00:00,2026-02-15 12:00:00+00:00,1.384698162284975,tp,161.76952388781854,8
ICP,2026-02-14 19:00:00+00:00,2.566,-1.0,2.437376473239723,2.6027284893697855,4338.780467371398,3.0,0.9599197506904602,3.502,True,2026-02-19 23:00:00+00:00,2026-02-15 12:00:00+00:00,2.437376473239723,tp,213.14728560897765,8
ASTR,2026-02-12 08:00:00+00:00,0.73,-1.0,0.607333773426515,0.7650273803884481,2628.6282635893717,2.0,0.9102509617805481,3.502,False,2026-02-17 12:00:00+00:00,2026-02-17 12:00:00+00:00,0.706,time,83.79202697770512,8
FIL,2026-02-18 19:00:00+00:00,0.926,-1.0,0.8948768142337018,0.9348872356897959,6386.063358851144,3.0,0.9514915347099304,3.502,True,2026-02-23 23:00:00+00:00,2026-02-19 01:00:00+00:00,0.9348872356897959,sl,-69.5917853903506,8
ICP,2026-02-18 18:00:00+00:00,2.275,-1.0,2.1780584787785706,2.302681682514491,4789.5475191383575,3.0,0.9906888008117676,3.502,True,2026-02-23 22:00:00+00:00,2026-02-19 13:00:00+00:00,2.1780584787785706,tp,199.3010118072771,8
DOT,2026-02-18 18:00:00+00:00,1.32,-1.0,1.2810470819654507,1.3311230182532665,6386.063358851144,3.0,0.9739875197410583,3.502,True,2026-02-23 22:00:00+00:00,2026-02-19 13:00:00+00:00,1.2810470819654507,tp,182.06530223263948,8
DOT,2026-02-19 13:00:00+00:00,1.277,-1.0,1.2468555307672329,1.285607762869362,6678.351979460112,3.0,0.9639573097229004,3.502,True,2026-02-24 17:00:00+00:00,2026-02-19 18:00:00+00:00,1.285607762869362,sl,-53.69804410213763,8
APT,2026-02-19 08:00:00+00:00,0.864,-1.0,0.836595937061121,0.8718252389721474,6320.8210600476905,3.0,0.9887745380401611,3.502,True,2026-02-24 12:00:00+00:00,2026-02-20 00:00:00+00:00,0.8718252389721474,sl,-65.46467767326463,8
FIL,2026-02-21 05:00:00+00:00,0.969,-1.0,0.9386597874605268,0.9776636574334487,6566.636927795672,3.0,0.9939525723457336,3.502,True,2026-02-26 09:00:00+00:00,2026-02-21 08:00:00+00:00,0.9776636574334487,sl,-67.24776611991781,8
POL,2026-02-21 07:00:00+00:00,0.1096,-1.0,0.10658555307672332,0.11046077628693621,6566.636927795672,3.0,0.9899635910987854,3.502,True,2026-02-26 11:00:00+00:00,2026-02-21 08:00:00+00:00,0.11046077628693621,sl,-60.10966954232164,8
FIL,2026-02-21 08:00:00+00:00,0.986,-1.0,0.9591831669812398,0.993657555279887,6447.239331862322,3.0,0.9960867166519165,3.502,True,2026-02-26 12:00:00+00:00,2026-02-21 09:00:00+00:00,0.993657555279887,sl,-58.452497933041066,8
DOT,2026-02-21 08:00:00+00:00,1.373,-1.0,1.3389406646331075,1.3827256541510975,6447.239331862322,3.0,0.9911251664161682,3.502,True,2026-02-26 12:00:00+00:00,2026-02-21 10:00:00+00:00,1.3827256541510975,sl,-54.05047156189869,8
FIL,2026-02-21 09:00:00+00:00,0.997,-1.0,0.9674427606873519,1.0054400791771017,6392.440115050096,3.0,0.998940646648407,3.502,True,2026-02-26 13:00:00+00:00,2026-02-21 10:00:00+00:00,1.0054400791771017,sl,-62.425217992999066,8
POL,2026-02-21 08:00:00+00:00,0.1109,-1.0,0.10784640441538206,0.11177195519975355,6447.239331862322,3.0,0.9961203932762146,3.502,True,2026-02-26 12:00:00+00:00,2026-02-21 13:00:00+00:00,0.11177195519975355,sl,-59.073059999527295,8
POL,2026-02-21 15:00:00+00:00,0.1148,-1.0,0.11112002583392197,0.11585081780483121,3321.527019916172,2.0,0.8692137598991394,3.502,False,2026-02-26 19:00:00+00:00,2026-02-21 16:00:00+00:00,0.11112002583392197,tp,103.15176239839094,8
APT,2026-02-22 13:00:00+00:00,0.826,-1.0,0.799378910287946,0.8336016607158002,3373.1029011153673,2.0,0.9193999767303467,3.502,False,2026-02-27 17:00:00+00:00,2026-02-22 15:00:00+00:00,0.8336016607158002,sl,-35.42762918762502,8
DOT,2026-02-23 00:00:00+00:00,1.291,1.0,1.3215359558461794,1.2822804480024643,6291.354537227916,3.0,0.9540640115737915,3.502,True,2026-02-28 04:00:00+00:00,2026-02-23 01:00:00+00:00,1.2822804480024643,sl,-50.671241938125455,8
DOT,2026-02-23 01:00:00+00:00,1.243,-1.0,1.2046343118855696,1.2539553345610064,6243.850247910923,3.0,0.9580582976341248,3.502,True,2026-02-28 05:00:00+00:00,2026-02-23 03:00:00+00:00,1.2539553345610064,sl,-63.14795336306149,8
OP,2026-02-23 01:00:00+00:00,0.1152,1.0,0.12120931951588275,0.11348403688253626,6243.850247910923,3.0,0.9546930193901062,3.502,True,2026-02-28 05:00:00+00:00,2026-02-23 06:00:00+00:00,0.12120931951588275,tp,319.46180208733625,8
AVAX,2026-02-23 01:00:00+00:00,8.37,-1.0,8.107703969013587,8.444898715876267,4995.080198328738,3.0,0.9383965134620667,3.502,False,2026-02-28 05:00:00+00:00,2026-02-23 06:00:00+00:00,8.444898715876267,sl,-51.19194267524616,8
ATOM,2026-02-24 06:00:00+00:00,2.057,-1.0,1.995340858387522,2.0746067876873315,5148.9216278655085,3.0,0.9273813962936401,3.502,False,2026-03-01 10:00:00+00:00,2026-02-24 21:00:00+00:00,1.995340858387522,tp,149.19142246747214,8
NEAR,2026-02-25 11:00:00+00:00,1.029,-1.0,0.9910257984989819,1.0398435454328325,5260.815194716113,3.0,0.922421395778656,3.502,False,2026-03-02 15:00:00+00:00,2026-02-25 12:00:00+00:00,1.0398435454328325,sl,-62.277241072509305,8
FIL,2026-02-25 12:00:00+00:00,0.944,1.0,0.979821025127249,0.9337712947721216,3476.071509274487,2.0,0.9010171890258789,3.502,False,2026-03-02 16:00:00+00:00,2026-02-25 13:00:00+00:00,0.979821025127249,tp,128.4269421325009,8
AVAX,2026-02-25 12:00:00+00:00,9.3,-1.0,8.885024189782689,9.418496475863947,3476.071509274487,2.0,0.878378689289093,3.502,False,2026-03-02 16:00:00+00:00,2026-02-25 14:00:00+00:00,9.418496475863947,sl,-48.80945465023904,8
DOT,2026-02-25 13:00:00+00:00,1.466,-1.0,1.375370848994993,1.491879183172173,5310.427470511107,3.0,0.9477316737174988,3.502,False,2026-03-02 17:00:00+00:00,2026-02-25 14:00:00+00:00,1.491879183172173,sl,-100.64811589713244,8
UNI,2026-02-25 12:00:00+00:00,3.671,1.0,3.839143500460693,3.622986569449467,6517.634079889664,3.0,0.9590185284614563,3.502,True,2026-03-02 16:00:00+00:00,2026-02-25 15:00:00+00:00,3.839143500460693,tp,292.01078022535586,8
APT,2026-02-25 14:00:00+00:00,0.921,-1.0,0.8789151890581501,0.9330173312786548,3465.5561950670517,2.0,0.8941444754600525,3.502,False,2026-03-02 18:00:00+00:00,2026-02-25 15:00:00+00:00,0.9330173312786548,sl,-49.72426416207267,8
ICP,2026-02-25 15:00:00+00:00,2.303,-1.0,2.1760011914724844,2.3392645505566936,5043.796105920038,3.0,0.9833053946495056,3.502,True,2026-03-02 19:00:00+00:00,2026-02-25 16:00:00+00:00,2.3392645505566936,sl,-85.97986106917314,8
APT,2026-02-25 15:00:00+00:00,0.955,-1.0,0.912132215831325,0.9672409095350019,5380.04917964804,3.0,0.9396991729736328,3.502,False,2026-03-02 19:00:00+00:00,2026-02-25 16:00:00+00:00,0.9672409095350019,sl,-75.95395430205852,8
LTC,2026-02-25 15:00:00+00:00,57.79,-1.0,55.834524366004274,58.3483866952268,6725.061474560051,3.0,0.9686108827590942,3.502,True,2026-03-02 19:00:00+00:00,2026-02-25 17:00:00+00:00,58.3483866952268,sl,-73.72241815843464,8
APT,2026-02-25 16:00:00+00:00,0.995,-1.0,0.9462599166301366,1.008917746457605,5258.598818119617,3.0,0.9339067339897156,3.502,False,2026-03-02 20:00:00+00:00,2026-02-25 18:00:00+00:00,1.008917746457605,sl,-80.39180165234913,8
ARB,2026-02-25 19:00:00+00:00,0.1044,-1.0,0.09974130930039057,0.10573029062526505,3428.675435507686,2.0,0.9117573499679565,3.502,False,2026-03-02 23:00:00+00:00,2026-02-26 00:00:00+00:00,0.09974130930039057,tp,149.57073417540207,8
DOT,2026-02-25 21:00:00+00:00,1.727,-1.0,1.576473397142872,1.7699829197827235,5143.013153261529,3.0,0.9217523336410522,3.502,False,2026-03-03 01:00:00+00:00,2026-02-26 06:00:00+00:00,1.576473397142872,tp,443.1258336388546,8
UNI,2026-02-25 17:00:00+00:00,4.064,-1.0,3.8326314114731788,4.130067374750558,5203.307004500791,3.0,0.9420784115791321,3.502,False,2026-03-02 21:00:00+00:00,2026-02-26 14:00:00+00:00,3.8326314114731788,tp,291.02745020590044,8
